40
Omkar ajagunde is Started writing...
malloc done...
shuffling array...
in randomise...
9
1
24
19
23
36
2
12
33
20
37
35
34
10
6
26
15
8
39
13
31
25
28
14
22
3
4
21
27
5
16
32
18
7
17
0
30
29
38
11
Omkar ajagunde is finished writing...
20 415 46 456
44 452 70 456
68 347 94 456
92 370 118 456
116 352 142 456
140 292 166 456
164 447 190 456
188 402 214 456
212 306 238 456
236 365 262 456
260 288 286 456
284 297 310 456
308 301 334 456
332 411 358 456
356 429 382 456
380 338 406 456
404 388 430 456
428 420 454 456
452 279 478 456
476 397 502 456
500 315 526 456
524 342 550 456
548 329 574 456
572 393 598 456
596 356 622 456
620 443 646 456
644 438 670 456
668 361 694 456
692 333 718 456
716 434 742 456
740 384 766 456
764 311 790 456
788 374 814 456
812 425 838 456
836 379 862 456
860 456 886 456
884 320 910 456
908 324 934 456
932 283 958 456
956 406 982 456
	0
20 456 46 456
	1
44 452 70 456
	2
68 447 94 456
	3
92 443 118 456
	4
116 438 142 456
	5
140 434 166 456
	6
164 429 190 456
	7
188 425 214 456
	8
212 420 238 456
	9
236 415 262 456
	10
260 411 286 456
	11
284 406 310 456
	12
308 402 334 456
	13
332 397 358 456
	14
356 393 382 456
	15
380 388 406 456
	16
404 384 430 456
	17
428 379 454 456
	18
452 374 478 456
	19
476 370 502 456
	20
500 365 526 456
	21
524 361 550 456
	22
548 356 574 456
	23
572 352 598 456
	24
596 347 622 456
	25
620 342 646 456
	26
644 338 670 456
	27
668 333 694 456
	28
692 329 718 456
	29
716 324 742 456
	30
740 320 766 456
	31
764 315 790 456
	32
788 311 814 456
	33
812 306 838 456
	34
836 301 862 456
	35
860 297 886 456
	36
884 292 910 456
	37
908 288 934 456
	0
932 456 958 456
	0
956 456 982 456
