627
253
6029413
5177427
628
252
4522066
5046364
629
253
7274611
7602278
630
254
7274573
6619236
631
255
7012463
7536737
631
256
6357101
6815843
632
256
5177427
5505094
633
257
5046364
6488169
634
258
7602278
5701724
635
259
7536759
5111840
636
260
7471218
7209061
637
260
6881395
7209071
638
261
7667815
6750305
639
261
6029419
7667795
640
262
7602273
4587621
641
262
6488161
6029419
642
263
7143525
0
643
263
11665600
11977952
644
263
469765393
35221
645
264
0
0
646
264
0
0
647
264
0
0
648
265
0
0
649
265
0
0
650
265
0
0
651
265
0
0
652
265
0
0
653
266
0
0
654
266
0
0
655
266
0
0
656
266
0
0
657
266
0
0
658
266
0
0
659
266
0
0
660
266
0
0
661
266
0
0
662
266
0
0
663
266
0
0
664
266
0
0
665
266
0
0
666
266
0
0
667
266
0
0
668
266
0
0
669
266
0
0
670
266
0
0
671
266
0
0
672
265
0
0
673
265
0
0
674
265
0
0
675
265
0
0
676
265
0
0
677
265
0
0
678
264
0
0
679
264
0
0
680
264
0
0
681
264
0
0
682
264
0
0
683
263
0
0
684
263
0
0
685
263
0
0
686
263
0
0
687
263
0
0
688
262
0
0
689
262
0
0
690
262
0
0
691
261
0
0
692
261
0
0
693
261
0
0
694
261
0
0
695
261
0
0
696
260
0
0
697
260
0
0
698
260
0
0
699
260
0
0
700
259
0
0
701
259
0
0
702
259
0
0
703
259
0
0
704
259
0
0
705
258
0
0
706
258
0
0
707
258
0
0
708
258
0
0
709
257
0
0
710
257
0
0
711
257
0
0
712
257
0
0
713
257
0
0
714
257
0
0
715
256
0
0
716
256
0
0
717
256
0
0
718
256
0
0
719
256
0
0
720
256
0
0
721
256
0
0
722
256
0
0
723
255
0
0
724
255
0
0
725
255
0
0
726
255
0
0
727
255
0
0
728
255
0
0
729
255
0
0
730
255
0
0
731
255
0
0
732
255
0
0
733
256
0
0
734
256
0
0
735
256
0
0
736
256
0
0
737
256
0
0
738
256
0
0
739
256
0
0
740
257
0
0
741
257
0
0
742
257
0
0
743
257
0
0
744
257
0
0
745
258
0
0
746
258
0
0
747
258
0
0
748
259
0
0
749
259
0
0
750
259
0
0
751
260
0
0
752
260
0
0
753
260
0
0
754
261
0
0
755
261
0
0
756
262
0
0
757
262
0
0
758
263
0
0
759
263
0
0
760
263
0
0
761
264
0
0
762
265
0
0
763
265
0
0
764
266
0
0
765
266
0
0
766
267
0
0
767
267
0
0
768
268
0
0
769
269
0
0
770
269
0
0
771
270
0
0
772
271
0
0
773
272
0
0
774
272
0
0
775
273
0
0
776
274
0
0
777
275
0
0
778
276
0
0
779
277
0
0
780
278
0
0
781
279
0
0
782
280
0
0
783
281
0
0
784
282
0
0
785
283
0
0
786
284
0
0
787
285
0
0
788
286
0
0
789
287
0
0
790
288
0
0
791
289
0
0
791
290
0
0
792
291
0
0
793
292
0
0
794
293
0
0
795
294
0
0
795
295
0
0
796
296
0
0
797
297
0
0
797
298
0
0
798
299
0
0
799
300
0
0
799
301
0
0
800
302
0
0
801
303
0
0
802
304
0
0
802
305
0
0
803
306
0
0
803
307
0
0
804
308
0
0
805
309
0
0
805
310
0
0
806
311
0
0
806
312
0
0
807
313
0
0
807
314
0
0
808
315
0
0
808
316
0
0
809
317
0
0
809
318
0
0
810
319
0
0
810
320
0
0
810
321
0
0
811
322
0
0
811
323
0
0
812
324
0
0
812
325
0
0
812
326
0
0
813
327
0
0
813
328
0
0
813
329
0
0
814
330
0
0
814
331
0
0
814
332
0
0
815
333
0
0
815
334
0
0
815
335
0
0
815
336
0
0
816
337
0
0
816
338
0
0
816
339
0
0
816
340
0
0
817
341
0
0
817
342
0
0
817
343
0
0
817
344
0
0
818
345
0
0
818
346
0
0
818
347
0
0
818
348
0
0
818
349
0
0
818
350
0
0
818
351
0
0
819
352
0
0
819
353
0
0
819
354
0
0
819
355
0
0
819
356
0
0
819
357
0
0
819
358
0
0
819
359
0
0
819
360
0
0
819
361
0
0
819
362
0
0
819
363
0
0
819
364
0
0
819
365
0
0
819
366
0
0
819
367
0
0
819
368
0
0
819
369
0
0
819
370
0
0
819
371
0
0
819
372
0
0
819
373
0
0
819
374
0
0
819
375
0
0
819
376
0
0
819
377
0
0
819
378
0
0
819
379
0
0
819
380
0
0
819
381
0
0
819
382
0
0
818
383
0
0
818
384
0
0
818
385
0
0
818
386
0
0
818
387
0
0
818
388
0
0
818
389
0
0
817
390
0
0
817
391
0
0
817
392
0
0
817
393
0
0
816
394
0
0
816
395
0
0
816
396
0
0
816
397
0
0
815
398
0
0
815
399
0
0
815
400
0
0
815
401
0
0
814
402
0
0
814
403
0
0
814
404
0
0
813
405
0
0
813
406
0
0
813
407
0
0
812
408
0
0
812
409
0
0
812
410
0
0
811
411
0
0
811
412
0
0
811
413
0
0
810
414
0
0
810
415
0
0
809
416
0
0
809
417
0
0
808
418
0
0
808
419
0
0
807
420
0
0
807
421
0
0
807
422
0
0
806
423
0
0
805
424
0
0
805
425
0
0
804
426
0
0
804
427
0
0
803
428
0
0
803
429
0
0
802
430
0
0
801
431
0
0
801
432
0
0
800
433
0
0
799
434
0
0
799
435
0
0
798
436
0
0
797
437
0
0
797
438
0
0
796
439
0
0
795
440
0
0
794
441
0
0
794
442
0
0
793
443
0
0
792
444
0
0
791
445
0
0
790
446
0
0
789
447
0
0
789
448
0
0
788
449
0
0
787
450
0
0
786
451
0
0
785
452
0
0
784
453
0
0
783
454
0
0
782
455
0
0
781
456
0
0
780
457
0
0
779
458
0
0
778
459
0
0
777
460
0
0
776
461
0
0
775
461
0
0
774
462
0
0
773
463
0
0
772
464
0
0
771
464
0
0
770
465
0
0
769
466
0
0
768
467
0
0
767
467
0
0
766
468
0
0
765
469
0
0
764
470
0
0
763
470
0
0
762
471
0
0
761
471
0
0
760
472
0
0
759
473
0
0
758
473
0
0
757
474
0
0
756
474
0
0
755
475
0
0
754
475
0
0
753
476
0
0
752
476
0
0
751
477
0
0
750
477
0
0
749
478
0
0
748
478
0
0
747
479
0
0
746
479
0
0
745
480
0
0
744
480
0
0
743
480
0
0
742
481
0
0
741
481
0
0
740
482
0
0
739
482
0
0
738
482
0
0
737
483
0
0
736
483
0
0
735
483
0
0
734
484
0
0
733
484
0
0
732
484
0
0
731
484
0
0
730
485
0
0
729
485
0
0
728
485
0
0
727
486
0
0
726
486
0
0
725
486
0
0
724
486
0
0
723
487
0
0
722
487
0
0
721
487
0
0
720
487
0
0
719
487
0
0
718
487
0
0
717
488
0
0
716
488
0
0
715
488
0
0
714
488
0
0
713
488
0
0
712
488
0
0
711
489
0
0
710
489
0
0
709
489
0
0
708
489
0
0
707
489
0
0
706
489
0
0
705
489
0
0
704
489
0
0
703
489
0
0
702
489
0
0
701
489
0
0
700
489
0
0
699
489
0
0
698
489
0
0
697
489
0
0
696
489
0
0
695
489
0
0
694
489
0
0
693
489
0
0
692
489
0
0
691
489
0
0
690
489
0
0
689
489
0
0
688
489
0
0
687
489
0
0
686
489
0
0
685
489
0
0
684
489
0
0
683
489
0
0
682
489
0
0
681
489
0
0
680
489
0
0
679
488
0
0
678
488
0
0
677
488
0
0
676
488
0
0
675
488
0
0
674
488
0
0
673
487
0
0
672
487
0
0
671
487
0
0
670
487
0
0
669
487
0
0
668
487
0
0
667
486
0
0
666
486
0
0
665
486
0
0
664
486
0
0
663
486
0
0
662
485
0
0
661
485
0
0
660
485
0
0
659
485
0
0
658
484
0
0
657
484
0
0
656
484
0
0
655
483
0
0
654
483
0
0
653
483
0
0
652
483
0
0
651
482
0
0
650
482
0
0
649
482
0
0
648
481
0
0
647
481
0
0
646
481
0
0
645
480
0
0
644
480
0
0
643
480
0
0
642
479
0
0
641
479
0
0
640
478
0
0
639
478
0
0
638
478
0
0
637
477
0
0
636
477
0
0
635
476
0
0
634
476
0
0
633
475
0
0
632
475
0
0
631
474
0
0
630
474
0
0
629
473
0
0
628
473
0
0
627
472
0
0
626
472
0
0
625
471
0
0
624
471
0
0
623
470
0
0
622
470
0
0
621
469
0
0
620
469
0
0
619
468
0
0
618
468
0
0
617
467
0
0
616
466
0
0
615
466
0
0
614
465
0
0
613
465
0
0
612
464
0
0
611
463
0
0
610
463
0
0
609
462
0
0
608
461
0
0
607
461
0
0
606
460
0
0
605
459
0
0
604
458
0
0
603
458
0
0
602
457
0
0
601
456
0
0
600
455
0
0
599
455
0
0
598
454
0
0
597
453
0
0
596
452
0
0
595
451
0
0
594
451
0
0
593
450
0
0
592
449
0
0
591
448
0
0
590
447
0
0
589
446
0
0
588
446
0
0
587
445
0
0
586
444
0
0
585
443
0
0
584
442
0
0
583
441
0
0
582
440
0
0
581
439
0
0
580
438
0
0
579
437
0
0
578
436
0
0
577
435
0
0
576
434
0
0
575
433
0
0
574
432
0
0
573
431
0
0
572
430
0
0
571
429
0
0
570
428
0
0
569
427
0
0
568
426
0
0
567
425
0
0
567
424
0
0
566
423
0
0
565
422
0
0
564
421
0
0
563
420
0
0
562
419
0
0
561
418
0
0
561
417
0
0
560
416
0
0
559
415
0
0
558
414
0
0
557
413
0
0
556
412
0
0
556
411
0
0
555
410
0
0
554
409
0
0
553
408
0
0
553
407
0
0
552
406
0
0
551
405
0
0
550
404
0
0
550
403
0
0
549
402
0
0
548
401
0
0
547
400
0
0
547
399
0
0
546
398
0
0
545
397
0
0
545
396
0
0
544
395
0
0
543
394
0
0
543
393
0
0
542
392
0
0
541
391
0
0
541
390
0
0
540
389
0
0
539
388
0
0
539
387
0
0
538
386
0
0
537
385
0
0
537
384
0
0
536
383
0
0
535
382
0
0
535
381
0
0
534
380
0
0
533
381
0
0
532
381
0
0
531
382
0
0
530
382
0
0
529
382
0
0
528
381
0
0
527
380
0
0
526
379
0
0
525
378
0
0
524
377
0
0
523
376
0
0
523
375
0
0
522
374
0
0
521
373
0
0
521
372
0
0
520
371
0
0
520
370
0
0
520
369
0
0
520
368
0
0
520
367
0
0
521
366
0
0
521
365
0
0
522
364
0
0
522
363
0
0
523
362
0
0
524
361
0
0
525
360
0
0
526
360
0
0
527
360
0
0
528
360
0
0
529
361
0
0
530
362
0
0
531
363
0
0
532
363
0
0
533
363
0
0
534
363
0
0
535
362
0
0
536
361
0
0
537
361
0
0
538
360
0
0
539
360
0
0
540
359
0
0
541
358
0
0
542
358
0
0
543
357
0
0
544
357
0
0
545
356
0
0
546
355
0
0
547
355
0
0
548
354
0
0
549
354
0
0
550
353
0
0
551
352
0
0
552
351
0
0
553
351
0
0
554
350
0
0
555
349
0
0
556
349
0
0
557
348
0
0
558
347
0
0
559
346
0
0
560
345
0
0
561
344
0
0
562
343
0
0
563
342
0
0
564
341
0
0
565
340
0
0
566
339
0
0
566
338
0
0
567
337
0
0
568
336
0
0
568
335
0
0
569
334
0
0
569
333
0
0
569
332
0
0
568
332
0
0
567
332
0
0
566
332
0
0
565
332
0
0
564
332
0
0
563
332
0
0
562
333
0
0
561
333
0
0
560
333
0
0
559
333
0
0
558
333
0
0
557
334
0
0
556
334
0
0
555
334
0
0
554
335
0
0
553
335
0
0
552
336
0
0
551
336
0
0
550
337
0
0
549
337
0
0
548
338
0
0
547
339
0
0
546
339
0
0
545
340
0
0
544
341
0
0
543
342
0
0
542
343
0
0
541
344
0
0
540
345
0
0
539
346
0
0
538
347
0
0
538
348
0
0
537
349
0
0
537
350
0
0
536
351
0
0
535
351
0
0
534
350
0
0
533
349
0
0
532
348
0
0
531
347
0
0
531
346
0
0
530
345
0
0
529
344
0
0
528
343
0
0
528
342
0
0
527
341
0
0
527
340
0
0
526
339
0
0
527
338
0
0
527
337
0
0
528
336
0
0
529
335
0
0
530
334
0
0
530
333
0
0
531
332
0
0
532
331
0
0
533
330
0
0
534
329
0
0
535
328
0
0
536
328
0
0
536
327
0
0
535
327
0
0
534
327
0
0
533
327
0
0
532
327
0
0
531
327
0
0
530
327
0
0
529
327
0
0
528
327
0
0
527
327
0
0
526
327
0
0
525
327
0
0
524
327
0
0
523
327
0
0
522
327
0
0
521
327
0
0
520
327
0
0
519
327
0
0
518
327
0
0
517
327
0
0
516
327
0
0
515
327
0
0
514
327
0
0
513
327
0
0
512
327
0
0
511
327
0
0
510
327
0
0
509
327
0
0
508
327
0
0
507
327
0
0
506
327
0
0
506
328
0
0
506
329
0
0
506
330
0
0
506
331
0
0
506
332
0
0
506
333
0
0
506
334
0
0
506
335
0
0
506
336
0
0
506
337
0
0
506
338
0
0
506
339
0
0
506
340
0
0
506
341
0
0
506
342
0
0
506
343
0
0
506
344
0
0
506
345
0
0
506
346
0
0
506
347
0
0
506
348
0
0
506
349
0
0
506
350
0
0
506
351
0
0
506
352
0
0
506
353
0
0
506
354
0
0
506
355
0
0
506
356
0
0
506
357
0
0
506
358
0
0
506
359
0
0
506
360
0
0
506
361
0
0
506
362
0
0
506
363
0
0
506
364
0
0
506
365
0
0
506
366
0
0
506
367
0
0
506
368
0
0
506
369
0
0
506
370
0
0
506
371
0
0
506
372
0
0
506
373
0
0
506
374
0
0
506
375
0
0
506
376
0
0
506
377
0
0
506
378
0
0
506
379
0
0
506
380
0
0
506
381
0
0
506
382
0
0
506
383
0
0
506
384
0
0
506
385
0
0
506
386
0
0
506
387
0
0
506
388
0
0
506
389
0
0
506
390
0
0
506
391
0
0
506
392
0
0
506
393
0
0
506
394
0
0
506
395
0
0
506
396
0
0
506
397
0
0
506
398
0
0
506
399
0
0
506
400
0
0
506
401
0
0
506
402
0
0
506
403
0
0
506
404
0
0
506
405
0
0
506
406
0
0
506
407
0
0
506
408
0
0
506
409
0
0
506
410
0
0
506
411
0
0
506
412
0
0
506
413
0
0
506
414
0
0
506
415
0
0
506
416
0
0
506
417
0
0
506
418
0
0
506
419
0
0
506
420
0
0
506
421
0
0
506
422
0
0
506
423
0
0
506
424
0
0
506
425
0
0
506
426
0
0
506
427
0
0
506
428
0
0
506
429
0
0
506
430
0
0
506
431
0
0
506
432
0
0
506
433
0
0
506
434
0
0
506
435
0
0
506
436
0
0
506
437
0
0
506
438
0
0
506
439
0
0
506
440
0
0
506
441
0
0
506
442
0
0
506
443
0
0
506
444
0
0
506
445
0
0
506
446
0
0
506
447
0
0
506
448
0
0
506
449
0
0
506
450
0
0
506
451
0
0
506
452
0
0
506
453
0
0
506
454
0
0
506
455
0
0
506
456
0
0
506
457
0
0
506
458
0
0
506
459
0
0
506
460
0
0
506
461
0
0
506
462
0
0
506
463
0
0
506
464
0
0
506
465
0
0
506
466
0
0
506
467
0
0
506
468
0
0
506
469
0
0
506
470
0
0
506
471
0
0
506
472
0
0
506
473
0
0
506
474
0
0
506
475
0
0
506
476
0
0
506
477
0
0
506
478
0
0
506
479
0
0
506
480
0
0
506
481
0
0
506
482
0
0
506
483
0
0
506
484
0
0
507
484
0
0
508
484
0
0
509
485
0
0
510
485
0
0
511
486
0
0
512
486
0
0
513
486
0
0
514
487
0
0
515
488
0
0
516
488
0
0
517
489
0
0
518
489
0
0
519
490
0
0
520
491
0
0
521
491
0
0
522
492
0
0
523
493
0
0
524
493
0
0
525
494
0
0
524
495
0
0
523
495
0
0
522
495
0
0
521
494
0
0
520
494
0
0
519
493
0
0
518
493
0
0
517
492
0
0
516
492
0
0
515
492
0
0
514
492
0
0
513
491
0
0
512
491
0
0
511
491
0
0
510
491
0
0
509
492
0
0
508
492
0
0
507
492
0
0
506
492
0
0
505
492
0
0
504
493
0
0
503
493
0
0
502
493
0
0
501
494
0
0
500
494
0
0
499
495
0
0
498
495
0
0
497
496
0
0
496
497
0
0
495
497
0
0
494
498
0
0
493
499
0
0
492
500
0
0
491
501
0
0
490
502
0
0
489
503
0
0
488
504
0
0
487
505
0
0
487
506
0
0
486
507
0
0
485
508
0
0
485
509
0
0
484
510
0
0
483
511
-1778383469
33238
482
512
0
0
482
513
0
0
481
514
0
0
480
515
0
0
480
516
0
0
479
517
0
0
479
518
0
0
478
519
0
0
477
520
0
0
476
521
0
0
475
520
0
0
474
520
0
0
473
519
0
0
472
519
0
0
471
518
0
0
470
518
0
0
469
517
0
0
468
517
0
0
467
516
0
0
466
516
0
0
465
515
0
0
464
514
0
0
464
513
0
0
464
512
0
0
465
511
0
0
465
510
0
0
466
509
0
0
466
508
0
0
467
507
0
0
468
506
0
0
468
505
0
0
469
504
0
0
470
503
0
0
470
502
0
0
471
501
0
0
472
500
0
0
473
499
0
0
473
498
0
0
474
497
0
0
475
496
0
0
476
495
0
0
477
494
0
0
478
493
0
0
479
492
0
0
480
491
0
0
481
490
0
0
482
489
0
0
483
489
0
0
484
488
0
0
485
487
0
0
486
487
0
0
487
486
0
0
488
486
0
0
489
485
0
0
490
485
0
0
491
484
0
0
492
484
0
0
493
484
0
0
494
484
0
0
495
484
0
0
496
483
0
0
497
483
0
0
498
483
0
0
499
483
0
0
500
483
0
0
501
483
0
0
500
483
0
0
499
482
0
0
498
482
0
0
497
481
0
0
496
480
0
0
495
480
0
0
494
479
0
0
493
478
0
0
492
477
0
0
492
476
0
0
492
475
0
0
492
474
0
0
492
473
0
0
492
472
0
0
492
471
0
0
492
470
0
0
492
469
0
0
492
468
0
0
492
467
0
0
492
466
0
0
492
465
0
0
492
464
0
0
492
463
0
0
492
462
0
0
492
461
0
0
492
460
0
0
492
459
0
0
492
458
0
0
492
457
0
0
492
456
0
0
492
455
0
0
492
454
0
0
492
453
0
0
492
452
0
0
492
451
0
0
492
450
0
0
492
449
0
0
492
448
0
0
492
447
0
0
492
446
0
0
492
445
0
0
492
444
0
0
492
443
0
0
492
442
0
0
492
441
0
0
492
440
0
0
492
439
0
0
492
438
0
0
492
437
0
0
492
436
0
0
492
435
0
0
492
434
0
0
492
433
0
0
492
432
0
0
492
431
0
0
492
430
0
0
492
429
0
0
492
428
0
0
492
427
0
0
492
426
0
0
492
425
0
0
492
424
0
0
492
423
0
0
492
422
0
0
492
421
0
0
492
420
0
0
492
419
0
0
492
418
0
0
492
417
0
0
492
416
0
0
492
415
0
0
492
414
0
0
492
413
0
0
492
412
0
0
492
411
0
0
492
410
0
0
492
409
0
0
492
408
0
0
492
407
0
0
492
406
0
0
492
405
0
0
492
404
0
0
492
403
0
0
492
402
0
0
492
401
0
0
492
400
0
0
492
399
0
0
492
398
0
0
492
397
0
0
492
396
0
0
492
395
0
0
492
394
0
0
492
393
0
0
492
392
0
0
492
391
0
0
492
390
0
0
492
389
0
0
492
388
0
0
492
387
0
0
492
386
0
0
492
385
0
0
492
384
0
0
492
383
0
0
492
382
0
0
492
381
0
0
492
380
0
0
492
379
0
0
492
378
0
0
492
377
0
0
492
376
0
0
492
375
0
0
492
374
0
0
492
373
0
0
492
372
0
0
492
371
0
0
492
370
0
0
492
369
0
0
492
368
0
0
492
367
0
0
492
366
0
0
492
365
0
0
492
364
0
0
492
363
0
0
492
362
0
0
492
361
0
0
492
360
0
0
492
359
0
0
492
358
0
0
492
357
0
0
492
356
0
0
492
355
0
0
492
354
0
0
492
353
0
0
492
352
0
0
492
351
0
0
492
350
0
0
492
349
0
0
492
348
0
0
492
347
0
0
492
346
0
0
492
345
0
0
492
344
0
0
492
343
0
0
492
342
0
0
492
341
0
0
492
340
0
0
492
339
0
0
492
338
0
0
492
337
0
0
492
336
0
0
492
335
0
0
492
334
0
0
492
333
0
0
492
332
0
0
492
331
0
0
492
330
0
0
492
329
0
0
492
328
0
0
492
327
0
0
491
327
0
0
490
327
0
0
489
327
0
0
488
327
0
0
487
327
0
0
486
327
0
0
485
327
0
0
484
327
0
0
483
327
0
0
482
327
0
0
481
327
0
0
480
327
0
0
479
327
0
0
478
327
0
0
477
327
0
0
476
327
0
0
475
327
0
0
474
327
0
0
473
327
0
0
473
328
0
0
473
329
0
0
473
330
0
0
473
331
0
0
473
332
0
0
473
333
0
0
473
334
0
0
473
335
0
0
473
336
0
0
473
337
0
0
473
338
0
0
473
339
0
0
473
340
0
0
473
341
0
0
473
342
0
0
473
343
0
0
473
344
0
0
473
345
0
0
473
346
0
0
473
347
0
0
473
348
0
0
473
349
0
0
473
350
0
0
473
351
0
0
473
352
0
0
473
353
0
0
473
354
0
0
473
355
0
0
473
356
0
0
474
357
0
0
474
358
0
0
473
359
0
0
473
360
0
0
473
361
0
0
473
362
0
0
473
363
0
0
473
364
0
0
473
365
0
0
473
366
0
0
473
367
0
0
473
368
0
0
473
369
0
0
473
370
0
0
473
371
0
0
473
372
0
0
473
373
0
0
473
374
0
0
473
375
0
0
473
376
0
0
473
377
0
0
473
378
0
0
473
379
0
0
473
380
0
0
473
381
0
0
473
382
0
0
473
383
0
0
473
384
0
0
473
385
0
0
473
386
0
0
473
387
0
0
473
388
0
0
473
389
0
0
473
390
0
0
473
391
0
0
473
392
0
0
473
393
0
0
473
394
0
0
473
395
0
0
473
396
0
0
473
397
0
0
473
398
0
0
473
399
0
0
473
400
0
0
473
401
0
0
473
402
0
0
473
403
0
0
473
404
0
0
473
405
0
0
473
406
0
0
473
407
0
0
473
408
0
0
473
409
0
0
473
410
0
0
473
411
0
0
473
412
0
0
473
413
0
0
473
414
0
0
472
415
0
0
471
415
0
0
470
414
0
0
469
414
0
0
468
414
0
0
467
413
0
0
466
412
0
0
465
412
0
0
464
411
0
0
463
411
0
0
462
410
0
0
461
409
0
0
460
408
0
0
459
407
0
0
459
406
0
0
459
405
0
0
459
404
0
0
459
403
0
0
459
402
0
0
459
401
0
0
459
400
0
0
459
399
0
0
459
398
0
0
459
397
0
0
459
396
0
0
459
395
0
0
459
394
0
0
459
393
0
0
459
392
0
0
459
391
0
0
459
390
0
0
459
389
0
0
459
388
0
0
459
387
0
0
459
386
0
0
459
385
0
0
459
384
0
0
459
383
0
0
459
382
0
0
459
381
0
0
459
380
0
0
459
379
0
0
459
378
0
0
459
377
0
0
459
376
0
0
459
375
0
0
459
374
0
0
459
373
0
0
459
372
0
0
459
371
0
0
459
370
0
0
459
369
0
0
458
369
0
0
457
369
0
0
456
369
0
0
455
369
0
0
454
370
0
0
453
370
0
0
452
370
0
0
451
370
0
0
450
370
0
0
449
370
0
0
448
370
0
0
447
370
0
0
446
370
0
0
445
370
0
0
444
370
0
0
443
370
0
0
442
370
0
0
441
370
0
0
440
370
0
0
439
370
0
0
438
370
0
0
437
370
0
0
436
370
0
0
435
370
0
0
435
371
0
0
435
372
0
0
435
373
0
0
435
374
0
0
435
375
0
0
435
376
0
0
435
377
0
0
435
378
0
0
435
379
0
0
434
380
0
0
435
381
0
0
435
382
0
0
435
383
0
0
435
384
0
0
435
385
0
0
435
386
0
0
435
387
0
0
435
388
0
0
435
389
0
0
435
390
0
0
435
391
0
0
435
392
0
0
434
393
0
0
434
394
0
0
434
395
0
0
434
396
0
0
434
397
0
0
434
398
0
0
434
399
0
0
435
400
0
0
435
401
0
0
434
402
0
0
434
403
0
0
433
404
0
0
432
403
0
0
431
403
0
0
430
403
0
0
429
403
0
0
428
402
0
0
427
402
0
0
426
401
0
0
425
401
0
0
424
400
0
0
423
400
0
0
422
399
0
0
421
399
0
0
420
398
0
0
419
398
0
0
418
397
0
0
417
396
0
0
416
396
0
0
415
395
0
0
414
395
0
0
413
394
0
0
412
393
0
0
411
392
0
0
410
392
0
0
409
391
0
0
408
390
0
0
407
389
0
0
406
388
0
0
405
387
0
0
405
386
0
0
404
385
0
0
404
384
0
0
404
383
0
0
403
382
0
0
403
381
0
0
403
380
0
0
403
379
0
0
403
378
0
0
404
377
0
0
404
376
0
0
404
375
0
0
405
374
0
0
405
373
0
0
406
372
0
0
406
371
0
0
407
370
0
0
408
369
0
0
409
368
0
0
410
367
0
0
411
366
0
0
412
366
0
0
413
365
0
0
414
365
0
0
415
364
0
0
416
364
0
0
417
363
0
0
418
363
0
0
419
363
0
0
420
362
0
0
421
362
0
0
421
361
0
0
421
360
0
0
421
359
0
0
421
358
0
0
421
357
0
0
421
356
0
0
421
355
0
0
421
354
0
0
421
353
0
0
421
352
0
0
421
351
0
0
421
350
0
0
421
349
0
0
421
348
0
0
421
347
0
0
421
346
0
0
421
345
0
0
421
344
0
0
421
343
0
0
421
342
0
0
421
341
0
0
421
340
0
0
421
339
0
0
420
338
0
0
420
337
0
0
420
336
0
0
420
335
0
0
420
334
0
0
420
333
0
0
420
332
0
0
420
331
0
0
420
330
0
0
420
329
0
0
420
328
0
0
420
327
0
0
419
327
0
0
418
327
0
0
417
327
0
0
416
327
0
0
415
327
0
0
414
327
0
0
413
327
0
0
412
327
0
0
411
327
0
0
410
327
0
0
409
327
0
0
408
327
0
0
407
327
0
0
406
327
0
0
405
327
0
0
404
327
0
0
403
327
0
0
402
327
0
0
401
327
0
0
400
327
0
0
399
327
0
0
398
327
0
0
397
327
0
0
396
327
0
0
395
327
0
0
394
327
0
0
393
327
0
0
392
327
0
0
391
327
0
0
390
327
0
0
389
327
0
0
388
327
0
0
387
327
0
0
386
326
0
0
385
325
0
0
384
324
0
0
383
323
0
0
382
322
0
0
381
321
0
0
381
320
0
0
380
319
0
0
379
318
0
0
379
317
0
0
378
316
0
0
379
315
0
0
380
315
0
0
381
315
0
0
382
315
0
0
383
315
0
0
384
315
0
0
385
315
0
0
386
315
0
0
387
315
0
0
388
315
0
0
389
315
0
0
390
315
0
0
391
315
0
0
392
315
0
0
393
315
0
0
394
315
0
0
395
315
0
0
396
315
0
0
397
315
0
0
398
315
0
0
399
315
0
0
400
315
0
0
401
315
0
0
402
315
0
0
403
315
0
0
404
315
0
0
405
315
0
0
406
315
0
0
407
315
0
0
408
315
0
0
409
315
0
0
410
315
0
0
411
315
0
0
412
315
0
0
413
315
0
0
414
315
0
0
415
315
0
0
416
315
0
0
417
315
0
0
418
315
0
0
419
315
0
0
420
315
0
0
421
315
0
0
422
315
0
0
423
315
0
0
424
315
0
0
425
315
0
0
426
315
0
0
427
315
0
0
428
315
0
0
429
315
0
0
430
315
0
0
431
315
0
0
432
315
0
0
433
315
0
0
434
315
0
0
435
315
0
0
436
315
0
0
437
315
0
0
438
315
0
0
439
315
0
0
440
315
0
0
441
315
0
0
442
315
0
0
443
315
0
0
444
315
0
0
445
315
0
0
446
315
0
0
447
315
0
0
448
315
0
0
449
315
0
0
450
315
0
0
451
315
0
0
452
315
0
0
453
315
0
0
454
315
0
0
455
315
0
0
456
315
0
0
457
315
0
0
458
315
0
0
459
315
0
0
460
315
0
0
461
315
0
0
462
315
0
0
463
315
0
0
464
315
0
0
465
315
0
0
466
315
0
0
467
315
0
0
468
315
0
0
469
315
0
0
470
315
0
0
471
315
0
0
472
315
0
0
473
315
0
0
474
315
0
0
475
315
0
0
476
315
0
0
477
315
0
0
478
315
0
0
479
315
0
0
480
315
0
0
481
315
0
0
482
315
0
0
483
315
0
0
484
315
0
0
485
315
0
0
486
315
0
0
487
315
0
0
488
315
0
0
489
315
0
0
490
315
0
0
490
314
0
0
489
314
0
0
488
313
0
0
487
312
0
0
486
312
0
0
485
311
0
0
484
310
0
0
483
310
0
0
482
309
0
0
481
308
0
0
480
308
0
0
479
307
0
0
478
307
0
0
477
306
0
0
476
306
0
0
475
305
0
0
474
305
0
0
473
305
0
0
472
304
0
0
471
304
0
0
470
304
0
0
469
304
0
0
468
303
11665548
11665548
467
303
12099584
610304
466
303
0
0
465
303
0
0
464
303
0
0
463
303
0
0
462
303
0
0
461
303
0
0
460
303
0
0
459
304
0
0
458
304
0
0
457
304
0
0
456
304
0
0
455
305
0
0
454
306
0
0
453
306
0
0
452
307
0
0
451
307
0
0
450
308
0
0
449
308
0
0
448
309
0
0
447
309
0
0
446
309
0
0
445
309
0
0
444
309
0
0
443
309
0
0
442
308
0
0
441
308
0
0
440
307
0
0
439
306
0
0
438
305
0
0
438
304
0
0
437
303
0
0
436
302
0
0
435
301
0
0
434
300
0
0
434
299
0
0
433
298
0
0
432
297
0
0
432
296
0
0
433
295
0
0
434
296
0
0
435
296
0
0
436
297
0
0
437
297
0
0
438
297
0
0
439
296
0
0
440
296
0
0
441
295
0
0
442
295
0
0
443
294
0
0
444
293
0
0
445
293
0
0
446
292
0
0
447
292
0
0
448
292
0
0
449
291
0
0
450
291
0
0
451
291
0
0
452
290
0
0
453
290
0
0
454
290
0
0
455
290
0
0
456
290
0
0
457
290
0
0
458
290
0
0
459
291
0
0
460
291
0
0
461
291
0
0
462
291
0
0
463
292
0
0
464
292
0
0
465
292
0
0
466
293
0
0
467
293
0
0
468
294
0
0
469
294
0
0
470
295
0
0
471
295
0
0
472
296
0
0
473
296
0
0
474
297
0
0
475
297
0
0
476
298
0
0
477
299
0
0
478
299
0
0
479
300
0
0
480
301
0
0
481
301
0
0
482
302
0
0
483
303
0
0
484
304
0
0
485
304
0
0
486
305
0
0
487
306
0
0
488
307
0
0
489
308
0
0
490
309
0
0
491
309
0
0
492
310
0
0
493
311
0
0
494
312
0
0
495
313
0
0
495
314
0
0
496
314
0
0
497
315
0
0
498
315
0
0
499
315
0
0
500
315
0
0
501
315
0
0
502
315
0
0
503
315
0
0
504
315
0
0
505
315
0
0
506
315
0
0
507
315
0
0
508
315
0
0
509
315
0
0
510
315
0
0
511
315
0
0
512
315
0
0
513
315
0
0
514
315
0
0
515
315
0
0
516
315
0
0
517
315
0
0
518
315
0
0
519
315
0
0
520
315
0
0
521
315
0
0
522
315
0
0
523
315
0
0
524
315
0
0
525
315
0
0
526
315
0
0
527
315
0
0
528
315
0
0
529
315
0
0
530
315
0
0
531
315
0
0
532
315
0
0
533
315
0
0
534
315
0
0
535
315
0
0
536
315
0
0
537
315
0
0
538
315
0
0
539
315
0
0
540
315
0
0
541
315
0
0
542
315
0
0
543
315
0
0
544
315
0
0
545
315
0
0
546
315
0
0
547
315
0
0
548
315
0
0
549
315
0
0
550
315
0
0
551
315
0
0
552
315
0
0
553
315
0
0
554
315
0
0
555
315
0
0
556
315
0
0
557
315
0
0
558
315
0
0
559
315
0
0
560
315
0
0
561
315
0
0
562
315
0
0
563
315
0
0
564
315
0
0
565
315
0
0
566
315
0
0
567
315
0
0
568
315
0
0
569
315
0
0
570
315
0
0
571
315
0
0
572
315
0
0
573
315
0
0
574
315
0
0
575
315
0
0
576
315
0
0
577
315
0
0
578
315
0
0
579
315
0
0
580
315
0
0
581
315
0
0
582
315
0
0
583
315
0
0
584
315
0
0
585
315
0
0
586
315
0
0
587
315
0
0
588
315
0
0
589
315
0
0
590
315
0
0
591
315
0
0
592
315
0
0
593
315
0
0
594
315
0
0
595
315
0
0
596
315
0
0
597
315
0
0
598
315
0
0
599
315
0
0
600
315
0
0
601
315
0
0
602
315
0
0
603
315
0
0
604
315
0
0
605
315
0
0
606
316
0
0
606
317
0
0
607
317
0
0
608
318
0
0
609
318
0
0
610
318
0
0
611
318
0
0
612
319
0
0
613
319
0
0
614
319
0
0
615
320
0
0
616
320
0
0
617
320
0
0
618
321
0
0
619
321
0
0
620
322
0
0
621
322
0
0
622
323
0
0
623
323
0
0
624
324
0
0
625
324
0
0
626
325
0
0
627
326
0
0
628
326
0
0
629
327
0
0
630
328
0
0
631
329
0
0
632
329
0
0
633
330
0
0
634
331
0
0
635
332
0
0
636
333
0
0
637
334
0
0
638
335
0
0
639
336
0
0
639
337
0
0
640
338
0
0
641
339
0
0
642
340
0
0
642
341
0
0
643
342
0
0
644
343
0
0
644
344
0
0
645
345
0
0
646
346
0
0
646
347
0
0
647
348
0
0
647
349
0
0
648
350
0
0
648
351
0
0
648
352
0
0
648
353
0
0
649
354
0
0
649
355
0
0
648
356
0
0
648
357
0
0
648
358
0
0
647
359
0
0
647
360
0
0
646
361
0
0
645
362
0
0
644
363
0
0
643
364
0
0
642
365
0
0
641
366
0
0
640
366
0
0
639
367
0
0
638
367
0
0
637
368
0
0
636
368
0
0
635
368
0
0
634
369
0
0
633
369
0
0
632
369
0
0
631
369
0
0
630
370
0
0
629
370
0
0
628
370
0
0
627
370
0
0
626
370
0
0
625
370
0
0
624
370
0
0
623
371
0
0
622
371
0
0
621
371
0
0
620
371
0
0
619
371
0
0
618
371
0
0
617
371
0
0
616
371
0
0
615
371
0
0
614
371
0
0
613
371
0
0
612
371
0
0
611
371
0
0
610
371
0
0
609
371
0
0
608
370
0
0
607
370
0
0
606
370
0
0
605
370
0
0
604
369
0
0
603
369
0
0
602
369
0
0
601
368
0
0
601
369
0
0
601
370
0
0
601
371
0
0
601
372
0
0
601
373
0
0
601
374
0
0
602
375
0
0
602
376
0
0
602
377
0
0
603
378
0
0
603
379
0
0
604
380
0
0
605
380
0
0
606
381
0
0
607
382
0
0
608
382
0
0
609
383
0
0
610
383
0
0
611
384
0
0
612
384
0
0
613
385
0
0
614
385
0
0
615
385
0
0
616
385
0
0
617
386
0
0
618
386
0
0
619
386
0
0
620
386
0
0
621
386
0
0
622
387
0
0
623
387
0
0
624
387
0
0
625
387
0
0
626
387
0
0
627
387
0
0
628
387
0
0
629
387
0
0
630
387
0
0
631
387
0
0
632
386
0
0
633
386
0
0
634
386
0
0
635
386
0
0
636
386
0
0
637
385
0
0
638
385
0
0
639
385
0
0
640
385
0
0
641
384
0
0
642
384
0
0
643
383
0
0
644
382
0
0
645
382
0
0
646
381
0
0
647
380
0
0
648
379
0
0
649
378
0
0
650
377
0
0
651
376
0
0
651
375
0
0
652
374
0
0
652
373
0
0
653
372
0
0
653
371
0
0
654
370
0
0
654
369
0
0
655
368
0
0
655
367
0
0
656
366
0
0
657
365
0
0
657
364
0
0
657
363
0
0
657
362
0
0
657
361
0
0
657
360
0
0
657
359
0
0
657
358
0
0
657
357
0
0
657
356
0
0
657
355
0
0
657
354
0
0
657
353
0
0
657
352
0
0
657
351
0
0
657
350
0
0
657
349
0
0
657
348
0
0
657
347
0
0
657
346
0
0
657
345
0
0
657
344
0
0
657
343
0
0
657
342
0
0
657
341
0
0
657
340
0
0
657
339
0
0
657
338
0
0
657
337
0
0
657
336
0
0
657
335
0
0
657
334
0
0
657
333
0
0
657
332
0
0
657
331
0
0
657
330
0
0
657
329
0
0
657
328
0
0
657
327
0
0
656
327
0
0
655
327
0
0
654
327
0
0
653
327
0
0
652
327
0
0
651
327
0
0
650
327
0
0
649
327
0
0
648
327
0
0
647
327
0
0
646
327
0
0
645
327
0
0
644
327
0
0
643
327
0
0
642
327
0
0
641
327
0
0
640
327
0
0
639
327
0
0
638
327
0
0
637
326
0
0
636
325
0
0
635
324
0
0
634
323
0
0
634
322
0
0
633
321
0
0
632
320
0
0
631
319
0
0
631
318
0
0
630
317
0
0
630
316
0
0
631
315
0
0
632
315
0
0
633
315
0
0
634
315
0
0
635
315
0
0
636
315
0
0
637
315
0
0
638
315
0
0
639
315
0
0
640
315
0
0
641
315
0
0
642
315
0
0
643
315
0
0
644
315
0
0
645
315
0
0
646
315
0
0
647
315
0
0
648
315
0
0
649
315
0
0
650
315
0
0
651
315
0
0
652
315
0
0
653
315
0
0
654
315
0
0
655
315
0
0
656
315
0
0
657
315
0
0
658
315
0
0
659
315
0
0
660
315
0
0
661
315
0
0
662
315
0
0
663
315
0
0
664
315
0
0
665
315
0
0
666
315
0
0
667
315
0
0
668
315
0
0
669
315
0
0
670
315
0
0
671
315
0
0
672
315
0
0
673
315
0
0
674
315
0
0
675
315
0
0
676
315
0
0
677
315
0
0
678
315
0
0
679
315
0
0
680
315
0
0
681
315
0
0
682
315
0
0
683
315
0
0
684
315
0
0
685
315
0
0
686
315
0
0
687
315
0
0
688
315
0
0
689
315
0
0
690
315
0
0
691
315
0
0
692
315
0
0
693
315
0
0
694
315
0
0
695
315
0
0
696
315
0
0
697
315
0
0
698
315
0
0
699
315
0
0
700
315
0
0
701
315
0
0
702
315
0
0
703
315
0
0
704
315
0
0
705
315
0
0
706
315
0
0
707
315
0
0
708
315
0
0
709
315
0
0
710
315
0
0
711
315
0
0
712
315
0
0
713
315
0
0
714
315
0
0
715
316
0
0
716
317
0
0
717
318
0
0
718
319
0
0
719
320
0
0
720
321
0
0
721
322
0
0
721
323
0
0
722
324
0
0
723
325
0
0
723
326
0
0
722
327
0
0
721
327
0
0
720
327
0
0
719
327
0
0
718
327
0
0
717
327
0
0
716
327
0
0
715
327
0
0
714
327
0
0
713
327
0
0
712
327
0
0
711
327
0
0
710
327
0
0
709
327
0
0
708
327
0
0
707
327
0
0
706
327
0
0
705
327
0
0
704
327
0
0
703
328
0
0
703
329
0
0
703
330
0
0
703
331
0
0
703
332
0
0
703
333
0
0
703
334
0
0
703
335
0
0
703
336
0
0
703
337
0
0
703
338
0
0
703
339
0
0
703
340
0
0
703
341
0
0
703
342
0
0
703
343
0
0
703
344
0
0
703
345
0
0
703
346
0
0
703
347
0
0
703
348
0
0
703
349
0
0
703
350
0
0
703
351
0
0
703
352
0
0
703
353
0
0
703
354
0
0
703
355
0
0
703
356
0
0
703
357
0
0
703
358
0
0
703
359
0
0
703
360
0
0
703
361
0
0
703
362
0
0
703
363
0
0
703
364
0
0
703
365
0
0
703
366
0
0
703
367
0
0
703
368
0
0
703
369
0
0
703
370
0
0
703
371
0
0
703
372
0
0
703
373
0
0
703
374
0
0
703
375
0
0
703
376
0
0
703
377
0
0
703
378
0
0
703
379
0
0
703
380
0
0
703
381
0
0
703
382
0
0
703
383
0
0
703
384
0
0
703
385
0
0
703
386
0
0
703
387
0
0
703
388
0
0
703
389
0
0
703
390
0
0
703
391
0
0
703
392
0
0
703
393
0
0
703
394
0
0
703
395
0
0
703
396
0
0
703
397
0
0
703
398
0
0
703
399
0
0
703
400
0
0
703
401
0
0
703
402
0
0
703
403
0
0
703
404
0
0
703
405
0
0
703
406
0
0
703
407
0
0
703
408
0
0
703
409
0
0
703
410
0
0
703
411
0
0
703
412
0
0
703
413
0
0
703
414
0
0
702
415
0
0
701
415
0
0
700
414
0
0
699
414
0
0
698
413
0
0
697
413
0
0
696
412
0
0
695
412
0
0
694
411
0
0
693
410
0
0
692
410
0
0
691
409
0
0
690
408
0
0
690
407
0
0
690
406
0
0
690
405
0
0
690
404
0
0
690
403
0
0
690
402
0
0
690
401
0
0
690
400
0
0
690
399
0
0
690
398
0
0
690
397
0
0
690
396
0
0
690
395
0
0
690
394
0
0
690
393
0
0
690
392
0
0
690
391
0
0
690
390
0
0
690
389
0
0
690
388
0
0
690
387
0
0
690
386
0
0
690
385
0
0
690
384
0
0
690
383
0
0
690
382
0
0
690
381
0
0
690
380
0
0
690
379
0
0
690
378
0
0
690
377
0
0
690
376
0
0
690
375
0
0
690
374
0
0
690
373
0
0
690
372
0
0
690
371
0
0
690
370
0
0
690
369
0
0
690
368
0
0
690
367
0
0
690
366
0
0
690
365
0
0
690
364
0
0
690
363
0
0
690
362
0
0
690
361
0
0
690
360
0
0
690
359
0
0
690
358
0
0
690
357
0
0
690
356
0
0
690
355
0
0
690
354
0
0
690
353
0
0
690
352
0
0
690
351
0
0
690
350
0
0
690
349
0
0
690
348
0
0
690
347
0
0
690
346
0
0
690
345
0
0
690
344
0
0
690
343
0
0
690
342
0
0
690
341
0
0
690
340
0
0
690
339
0
0
690
338
0
0
690
337
0
0
690
336
0
0
690
335
0
0
690
334
0
0
690
333
0
0
690
332
0
0
690
331
0
0
690
330
0
0
690
329
0
0
690
328
0
0
689
327
0
0
688
327
0
0
687
327
0
0
686
327
0
0
685
327
0
0
684
327
0
0
683
327
0
0
682
327
0
0
681
327
0
0
680
327
0
0
679
327
0
0
678
327
0
0
677
327
0
0
676
327
0
0
675
327
0
0
674
327
0
0
673
327
0
0
672
327
0
0
671
327
0
0
671
328
0
0
671
329
0
0
671
330
0
0
671
331
0
0
671
332
0
0
671
333
0
0
671
334
0
0
671
335
0
0
671
336
0
0
671
337
0
0
671
338
0
0
671
339
0
0
671
340
0
0
671
341
0
0
671
342
0
0
671
343
0
0
671
344
0
0
671
345
0
0
671
346
0
0
671
347
0
0
671
348
0
0
671
349
0
0
671
350
0
0
671
351
0
0
671
352
0
0
671
353
0
0
671
354
0
0
671
355
0
0
671
356
0
0
671
357
0
0
671
358
0
0
671
359
0
0
671
360
0
0
671
361
0
0
671
362
0
0
671
363
0
0
671
364
0
0
671
365
0
0
671
366
0
0
671
367
0
0
671
368
0
0
671
369
0
0
671
370
0
0
671
371
0
0
671
372
0
0
671
373
0
0
671
374
0
0
671
375
0
0
671
376
0
0
671
377
0
0
671
378
0
0
671
379
0
0
671
380
0
0
671
381
0
0
671
382
0
0
671
383
0
0
671
384
0
0
671
385
0
0
671
386
0
0
671
387
0
0
671
388
0
0
671
389
0
0
671
390
0
0
671
391
0
0
671
392
0
0
671
393
0
0
671
394
0
0
671
395
0
0
671
396
0
0
671
397
0
0
671
398
0
0
671
399
0
0
671
400
0
0
671
401
0
0
671
402
0
0
671
403
0
0
671
404
0
0
671
405
0
0
671
406
0
0
671
407
0
0
671
408
0
0
671
409
0
0
671
410
0
0
671
411
0
0
671
412
0
0
671
413
0
0
671
414
0
0
670
415
0
0
669
415
0
0
668
415
0
0
667
414
0
0
666
414
0
0
665
413
0
0
664
413
0
0
663
412
0
0
662
412
0
0
661
411
0
0
660
410
0
0
659
410
0
0
658
409
0
0
657
408
0
0
657
407
0
0
657
406
0
0
657
405
0
0
657
404
0
0
657
403
0
0
657
402
0
0
657
401
0
0
657
400
0
0
657
399
0
0
657
398
0
0
657
397
0
0
657
396
0
0
657
395
0
0
657
394
0
0
657
393
0
0
657
392
0
0
656
393
0
0
655
394
0
0
654
394
0
0
653
395
0
0
652
396
0
0
651
396
0
0
650
397
0
0
649
397
0
0
648
397
0
0
647
398
0
0
646
398
0
0
645
398
0
0
644
398
0
0
643
399
0
0
642
399
0
0
641
399
0
0
640
399
0
0
639
399
0
0
638
399
0
0
637
399
0
0
636
399
0
0
635
399
0
0
634
399
0
0
633
399
0
0
632
399
0
0
631
399
0
0
630
399
0
0
629
399
0
0
628
399
0
0
627
398
0
0
626
398
0
0
625
398
0
0
624
398
0
0
623
397
0
0
622
397
0
0
621
397
0
0
620
396
0
0
619
396
0
0
618
396
0
0
617
395
0
0
616
395
0
0
615
394
0
0
614
393
0
0
613
393
0
0
612
392
0
0
611
391
0
0
610
391
0
0
609
390
0
0
608
389
0
0
607
388
0
0
606
387
0
0
605
386
0
0
604
385
0
0
603
384
0
0
602
383
0
0
602
382
0
0
601
381
0
0
600
380
0
0
599
379
0
0
599
378
0
0
598
377
0
0
597
376
0
0
597
375
0
0
596
374
0
0
595
373
0
0
595
372
0
0
594
371
0
0
594
370
0
0
593
369
0
0
593
368
0
0
592
367
0
0
592
366
0
0
592
365
0
0
592
364
0
0
591
363
0
0
591
362
0
0
591
361
0
0
591
360
0
0
591
359
0
0
591
358
0
0
591
357
0
0
592
356
0
0
593
356
0
0
594
356
0
0
595
357
0
0
596
357
0
0
597
357
0
0
598
358
0
0
599
358
0
0
600
358
0
0
601
358
0
0
602
358
0
0
603
358
0
0
604
358
0
0
605
358
0
0
606
358
0
0
607
358
0
0
608
358
0
0
609
358
0
0
610
358
0
0
611
358
0
0
612
358
0
0
613
358
0
0
614
358
0
0
615
358
0
0
616
358
0
0
617
358
0
0
618
357
0
0
619
357
0
0
620
357
0
0
621
357
0
0
622
357
0
0
623
356
0
0
624
356
0
0
625
356
0
0
626
356
0
0
627
355
0
0
628
355
0
0
629
354
0
0
630
354
0
0
631
354
0
0
632
353
0
0
633
352
0
0
634
351
0
0
635
351
0
0
636
350
0
0
636
349
0
0
637
348
0
0
637
347
0
0
638
346
0
0
638
345
0
0
638
344
0
0
638
343
0
0
638
342
0
0
638
341
0
0
638
340
0
0
637
339
0
0
636
339
0
0
635
338
0
0
634
337
0
0
633
337
0
0
632
336
0
0
631
335
0
0
630
335
0
0
629
334
0
0
628
334
0
0
627
334
0
0
626
333
0
0
625
333
0
0
624
332
0
0
623
332
0
0
622
332
0
0
621
331
0
0
620
331
0
0
619
331
0
0
618
331
0
0
617
330
0
0
616
330
0
0
615
330
0
0
614
330
0
0
613
330
0
0
612
330
0
0
611
330
0
0
610
330
0
0
609
331
0
0
608
331
0
0
607
331
0
0
606
332
0
0
605
332
0
0
604
333
0
0
603
334
0
0
602
335
0
0
601
336
0
0
600
337
0
0
600
338
0
0
599
339
0
0
599
340
0
0
599
341
0
0
599
342
0
0
598
343
0
0
597
343
0
0
596
342
0
0
595
341
0
0
594
340
0
0
594
339
0
0
593
338
0
0
592
337
0
0
591
336
0
0
591
335
0
0
590
334
0
0
589
333
0
0
589
332
0
0
589
331
0
0
589
330
0
0
589
329
0
0
589
328
0
0
589
327
0
0
588
327
0
0
587
327
0
0
586
327
0
0
585
327
0
0
584
327
0
0
583
327
0
0
582
327
0
0
581
327
0
0
580
327
0
0
579
327
0
0
578
327
0
0
577
327
0
0
576
327
0
0
575
327
0
0
574
327
0
0
575
328
0
0
575
329
0
0
576
330
0
0
577
331
0
0
578
332
0
0
578
333
0
0
579
334
0
0
579
335
0
0
580
336
0
0
580
337
0
0
580
338
0
0
581
339
0
0
580
340
0
0
580
341
0
0
580
342
0
0
580
343
0
0
579
344
0
0
579
345
0
0
579
346
0
0
578
347
0
0
577
348
0
0
577
349
0
0
576
350
0
0
575
351
0
0
575
352
0
0
574
353
0
0
573
354
0
0
572
355
0
0
571
356
0
0
570
357
0
0
569
358
0
0
568
359
0
0
567
360
0
0
566
360
0
0
565
361
0
0
564
362
0
0
563
362
0
0
562
363
0
0
561
364
0
0
560
365
0
0
559
365
0
0
558
366
0
0
557
367
0
0
556
367
0
0
555
368
0
0
554
368
0
0
553
369
0
0
552
370
0
0
551
370
0
0
550
371
0
0
549
371
0
0
548
372
0
0
547
373
0
0
546
373
0
0
545
374
0
0
544
374
0
0
543
375
0
0
542
376
0
0
541
376
0
0
540
377
0
0
539
377
0
0
538
378
0
0
538
379
0
0
538
380
0
0
539
381
0
0
540
382
0
0
540
383
0
0
541
384
0
0
541
385
0
0
542
386
0
0
543
387
0
0
543
388
0
0
544
389
0
0
544
390
0
0
545
391
0
0
545
392
0
0
546
393
0
0
547
394
0
0
547
395
0
0
548
396
0
0
549
397
0
0
550
398
0
0
550
399
0
0
551
400
0
0
552
401
0
0
552
402
0
0
553
403
0
0
554
404
0
0
554
405
0
0
555
406
0
0
556
407
0
0
557
408
0
0
557
409
0
0
558
410
0
0
559
411
0
0
560
412
0
0
561
413
0
0
561
414
0
0
562
415
0
0
563
416
0
0
564
417
0
0
565
418
0
0
566
419
0
0
567
420
0
0
568
421
0
0
569
422
0
0
570
423
0
0
571
424
0
0
572
425
0
0
573
426
0
0
574
427
0
0
575
428
0
0
576
429
0
0
576
430
0
0
577
430
0
0
578
431
0
0
579
432
0
0
580
433
0
0
581
434
0
0
582
435
0
0
583
436
0
0
584
437
0
0
585
438
0
0
586
438
0
0
587
439
0
0
588
440
0
0
589
441
0
0
590
441
0
0
591
442
0
0
592
443
0
0
593
444
0
0
594
445
0
0
595
445
0
0
596
446
0
0
597
447
0
0
598
447
0
0
599
448
0
0
600
449
0
0
601
450
0
0
602
450
0
0
603
451
0
0
604
452
0
0
605
452
0
0
606
453
0
0
607
453
0
0
608
454
0
0
609
455
0
0
610
455
0
0
611
456
0
0
612
456
0
0
613
457
0
0
614
457
0
0
615
458
0
0
616
459
0
0
617
459
0
0
618
460
0
0
619
460
0
0
620
461
0
0
621
461
0
0
622
462
0
0
623
462
0
0
624
462
0
0
625
463
0
0
626
463
0
0
627
464
0
0
628
464
0
0
629
465
0
0
630
465
0
0
631
466
0
0
632
466
0
0
633
466
0
0
634
467
0
0
635
467
0
0
636
467
0
0
637
468
0
0
638
468
0
0
639
469
0
0
640
469
0
0
641
469
0
0
642
470
0
0
643
470
0
0
644
470
0
0
645
470
0
0
646
471
0
0
647
471
0
0
648
471
0
0
649
472
0
0
650
472
0
0
651
472
0
0
652
472
0
0
653
473
0
0
654
473
0
0
655
473
0
0
656
473
0
0
657
474
0
0
658
474
0
0
659
474
0
0
660
474
0
0
661
475
0
0
662
475
0
0
663
475
0
0
664
475
0
0
665
475
0
0
666
475
0
0
667
475
0
0
668
476
0
0
669
476
0
0
670
476
0
0
671
476
0
0
672
476
0
0
673
476
0
0
674
476
0
0
675
476
0
0
676
476
0
0
677
477
0
0
678
477
0
0
679
477
0
0
680
477
0
0
681
477
0
0
682
477
0
0
683
477
0
0
684
477
0
0
685
477
0
0
686
477
0
0
687
477
0
0
688
477
0
0
689
477
0
0
690
477
0
0
691
477
0
0
692
477
0
0
693
477
0
0
694
477
0
0
695
477
0
0
696
477
0
0
697
476
0
0
698
476
0
0
699
476
0
0
700
476
0
0
701
476
0
0
702
476
0
0
703
476
0
0
704
476
0
0
705
476
0
0
706
475
0
0
707
475
0
0
708
475
0
0
709
475
0
0
710
475
0
0
711
475
0
0
712
475
0
0
713
474
0
0
714
474
0
0
715
474
0
0
716
474
0
0
717
473
0
0
718
473
0
0
719
473
0
0
720
473
0
0
721
472
0
0
722
472
0
0
723
472
0
0
724
471
0
0
725
471
0
0
726
471
0
0
727
470
0
0
728
470
0
0
729
470
0
0
730
469
0
0
731
469
0
0
732
469
0
0
733
468
0
0
734
468
0
0
735
467
0
0
736
467
0
0
737
467
0
0
738
466
0
0
739
466
0
0
740
465
0
0
741
465
0
0
742
464
0
0
743
464
0
0
744
463
0
0
745
463
0
0
746
462
0
0
747
462
0
0
748
461
0
0
749
461
0
0
750
460
0
0
751
459
0
0
752
459
0
0
753
458
0
0
754
457
0
0
755
457
0
0
756
456
0
0
757
455
0
0
758
455
0
0
759
454
0
0
760
453
0
0
761
453
0
0
762
452
0
0
763
451
0
0
764
450
0
0
765
449
0
0
766
449
0
0
767
448
0
0
768
447
0
0
769
446
0
0
770
445
0
0
771
444
0
0
772
443
0
0
773
442
0
0
774
441
0
0
775
440
0
0
776
439
0
0
777
438
0
0
778
437
0
0
779
436
0
0
780
435
0
0
781
434
0
0
782
433
0
0
782
432
0
0
783
431
0
0
784
430
0
0
785
429
0
0
786
428
0
0
786
427
0
0
787
426
0
0
788
425
0
0
788
424
0
0
789
423
0
0
790
422
0
0
790
421
0
0
791
420
0
0
792
419
0
0
792
418
0
0
793
417
0
0
793
416
0
0
794
415
0
0
795
414
0
0
795
413
0
0
796
412
0
0
796
411
0
0
797
410
0
0
797
409
0
0
798
408
0
0
798
407
0
0
799
406
0
0
799
405
0
0
800
404
0
0
800
403
0
0
800
402
0
0
801
401
0
0
801
400
0
0
801
399
0
0
802
398
0
0
802
397
0
0
803
396
0
0
803
395
0
0
803
394
0
0
803
393
0
0
804
392
0
0
804
391
0
0
804
390
0
0
805
389
0
0
805
388
0
0
805
387
0
0
806
386
0
0
806
385
0
0
806
384
0
0
806
383
0
0
806
382
0
0
807
381
0
0
807
380
0
0
807
379
0
0
807
378
0
0
808
377
0
0
808
376
0
0
808
375
0
0
808
374
0
0
808
373
0
0
808
372
0
0
808
371
0
0
809
370
0
0
809
369
0
0
809
368
0
0
809
367
0
0
809
366
0
0
809
365
0
0
809
364
0
0
809
363
0
0
809
362
0
0
809
361
0
0
809
360
0
0
809
359
0
0
809
358
0
0
809
357
0
0
809
356
0
0
809
355
0
0
809
354
0
0
809
353
0
0
809
352
0
0
809
351
0
0
809
350
0
0
809
349
0
0
809
348
0
0
809
347
0
0
809
346
0
0
809
345
0
0
809
344
0
0
809
343
0
0
809
342
0
0
809
341
0
0
808
340
0
0
808
339
0
0
808
338
0
0
808
337
0
0
808
336
0
0
808
335
0
0
807
334
0
0
807
333
0
0
807
332
0
0
807
331
0
0
807
330
0
0
806
329
0
0
806
328
0
0
806
327
0
0
806
326
0
0
805
325
0
0
805
324
0
0
805
323
0
0
805
322
0
0
804
321
0
0
804
320
0
0
804
319
0
0
803
318
0
0
803
317
0
0
803
316
0
0
802
315
0
0
802
314
0
0
801
313
0
0
801
312
0
0
801
311
0
0
800
310
0
0
800
309
0
0
799
308
0
0
799
307
0
0
798
306
0
0
798
305
0
0
797
304
0
0
797
303
0
0
796
302
0
0
796
301
0
0
795
300
0
0
795
299
0
0
794
298
0
0
793
297
0
0
793
296
0
0
792
295
0
0
791
294
0
0
790
293
0
0
790
292
0
0
789
291
0
0
788
290
0
0
787
289
0
0
786
288
0
0
785
287
0
0
784
286
0
0
783
285
0
0
782
285
0
0
781
284
0
0
780
283
0
0
779
282
0
0
778
282
0
0
777
281
0
0
776
280
0
0
775
280
0
0
774
279
0
0
773
279
0
0
772
278
0
0
771
277
0
0
770
277
0
0
769
276
0
0
768
276
0
0
767
275
0
0
766
275
0
0
765
274
0
0
764
274
0
0
763
274
0
0
762
273
0
0
761
273
0
0
760
272
0
0
759
272
0
0
758
272
0
0
757
271
0
0
756
271
0
0
755
271
0
0
754
270
0
0
753
270
0
0
752
270
0
0
751
270
0
0
750
269
0
0
749
269
0
0
748
269
0
0
747
269
0
0
746
269
0
0
745
268
0
0
744
268
0
0
743
268
0
0
742
268
0
0
741
268
0
0
740
268
0
0
739
268
0
0
738
268
0
0
737
268
0
0
736
268
0
0
735
268
0
0
734
268
0
0
733
268
0
0
732
268
0
0
731
268
0
0
730
268
0
0
729
268
0
0
728
268
0
0
727
269
0
0
726
269
0
0
725
269
0
0
724
269
0
0
723
269
0
0
722
269
0
0
721
269
0
0
720
270
0
0
719
270
0
0
718
270
0
0
717
270
0
0
716
270
0
0
715
271
0
0
714
271
0
0
713
271
0
0
712
271
0
0
711
271
0
0
710
272
0
0
709
272
0
0
708
272
0
0
707
272
0
0
706
273
0
0
705
273
0
0
704
273
0
0
703
273
0
0
702
274
0
0
701
274
0
0
700
274
0
0
699
274
0
0
698
275
0
0
697
275
0
0
696
275
0
0
695
275
0
0
694
276
0
0
693
276
0
0
692
276
0
0
691
276
0
0
690
277
0
0
689
277
0
0
688
277
0
0
687
277
0
0
686
277
0
0
685
277
0
0
684
278
0
0
683
278
0
0
682
278
0
0
681
278
0
0
680
278
0
0
679
278
0
0
678
278
0
0
677
279
0
0
676
279
0
0
675
279
0
0
674
279
0
0
673
279
0
0
672
279
0
0
671
279
0
0
670
279
0
0
669
279
0
0
668
279
0
0
667
279
0
0
666
279
0
0
665
278
0
0
664
278
0
0
663
278
0
0
662
278
0
0
661
278
0
0
660
278
0
0
659
278
0
0
658
277
0
0
657
277
0
0
656
277
0
0
655
277
0
0
654
276
0
0
653
276
0
0
652
276
0
0
651
275
0
0
650
275
0
0
649
275
0
0
648
274
0
0
647
274
0
0
646
273
0
0
645
272
0
0
644
272
0
0
643
271
0
0
642
270
0
0
641
270
0
0
640
269
0
0
639
268
0
0
638
267
0
0
637
266
0
0
636
265
0
0
635
264
0
0
634
263
0
0
633
262
0
0
632
261
0
0
632
260
0
0
631
259
0
0
630
258
0
0
629
257
0
0
628
256
0
0
628
255
0
0
627
254
0
0
