0
0
0
1
0
2
0
3
0
4
0
5
0
6
0
7
0
8
0
9
0
10
0
11
0
12
0
13
0
14
0
15
0
16
0
17
0
18
0
19
0
20
0
21
0
22
0
23
0
24
0
25
0
26
0
27
0
28
0
29
0
30
0
31
0
32
0
33
0
34
0
35
0
36
0
37
0
38
0
39
0
40
0
41
0
42
0
43
0
44
0
45
0
46
0
47
0
48
0
49
0
50
0
51
0
52
0
53
0
54
0
55
0
56
0
57
0
58
0
59
0
60
0
61
0
62
0
63
0
64
0
65
0
66
0
67
0
68
0
69
0
70
0
71
0
72
0
73
0
74
0
75
0
76
0
77
0
78
0
79
0
80
0
81
0
82
0
83
0
84
0
85
0
86
0
87
0
88
0
89
0
90
0
91
0
92
0
93
0
94
0
95
0
96
0
97
0
98
0
99
0
100
0
101
0
102
0
103
0
104
0
105
0
106
0
107
0
108
0
109
0
110
0
111
0
112
0
113
0
114
0
115
0
116
0
117
0
118
0
119
0
120
0
121
0
122
0
123
0
124
0
125
0
126
0
127
0
128
0
129
0
130
0
131
0
132
0
133
0
134
0
135
0
136
0
137
0
138
0
139
0
140
0
141
0
142
0
143
0
144
0
145
0
146
0
147
0
148
0
149
0
150
0
151
0
152
0
153
0
154
0
155
0
156
0
157
0
158
0
159
0
160
0
161
0
162
0
163
0
164
0
165
0
166
0
167
0
168
0
169
0
170
0
171
0
172
0
173
0
174
0
175
0
176
0
177
0
178
0
179
0
180
0
181
0
182
0
183
0
184
0
185
0
186
0
187
0
188
0
189
0
190
0
191
0
192
0
193
0
194
0
195
0
196
0
197
0
198
0
199
0
200
0
201
0
202
0
203
0
204
0
205
0
206
0
207
0
208
0
209
0
210
0
211
0
212
0
213
0
214
0
215
0
216
0
217
0
218
0
219
0
220
0
221
0
222
0
223
0
224
0
225
0
226
0
227
0
228
0
229
0
230
0
231
0
232
0
233
0
234
0
235
0
236
0
237
0
238
0
239
0
240
0
241
0
242
0
243
0
244
0
245
0
246
0
247
0
248
0
249
0
250
0
251
0
252
0
253
0
254
0
255
0
256
0
257
0
258
0
259
0
260
0
261
0
262
0
263
0
264
0
265
0
266
0
267
0
268
0
269
0
270
0
271
0
272
0
273
0
274
0
275
0
276
0
277
0
278
0
279
0
280
0
281
0
282
0
283
0
284
0
285
0
286
0
287
0
288
0
289
0
290
0
291
0
292
0
293
0
294
0
295
0
296
0
297
0
298
0
299
0
300
0
301
0
302
0
303
0
304
0
305
0
306
0
307
0
308
0
309
0
310
0
311
0
312
0
313
0
314
0
315
0
316
0
317
0
318
0
319
0
320
0
321
0
322
0
323
0
324
0
325
0
326
0
327
0
328
0
329
0
330
0
331
0
332
0
333
0
334
0
335
0
336
0
337
0
338
0
339
0
340
0
341
0
342
0
343
0
344
0
345
0
346
0
347
0
348
0
349
0
350
0
351
0
352
0
353
0
354
0
355
0
356
0
357
0
358
0
359
0
360
0
361
0
362
0
363
0
364
0
365
0
366
0
367
0
368
0
369
0
370
0
371
0
372
0
373
0
374
0
375
0
376
0
377
0
378
0
379
0
380
0
381
0
382
0
383
0
384
0
385
0
386
0
387
0
388
0
389
0
390
0
391
0
392
0
393
0
394
0
395
0
396
0
397
0
398
0
399
0
400
0
401
0
402
0
403
0
404
0
405
0
406
0
407
0
408
0
409
0
410
0
411
0
412
0
413
0
414
0
415
0
416
0
417
0
418
0
419
0
420
0
421
0
422
0
423
0
424
0
425
0
426
0
427
0
428
0
429
0
430
0
431
0
432
0
433
0
434
0
435
0
436
0
437
0
438
0
439
0
440
0
441
0
442
0
443
0
444
0
445
0
446
0
447
0
448
0
449
0
450
0
451
0
452
0
453
0
454
0
455
0
456
0
457
0
458
0
459
0
460
0
461
0
462
0
463
0
464
0
465
0
466
0
467
0
468
0
469
0
470
0
471
0
472
0
473
0
474
0
475
0
476
0
477
0
478
0
479
0
480
0
481
0
482
0
483
0
484
0
485
0
486
0
487
0
488
0
489
0
490
0
491
0
492
0
493
0
494
0
495
0
496
0
497
0
498
0
499
0
500
0
501
0
502
0
503
0
504
0
505
0
506
0
507
0
508
0
509
0
510
0
511
0
512
0
513
0
514
0
515
0
516
0
517
0
518
0
519
0
520
0
521
0
522
0
523
0
524
0
525
0
526
0
527
0
528
0
529
0
530
0
531
0
532
0
533
0
534
0
535
0
536
0
537
0
538
0
539
0
540
0
541
0
542
0
543
0
544
1
544
2
544
3
544
4
544
5
544
6
544
7
544
8
544
9
544
10
544
11
544
12
544
13
544
14
544
15
544
16
544
17
544
18
544
19
544
20
544
21
544
22
544
23
544
24
544
25
544
26
544
27
544
28
544
29
544
30
544
31
544
32
544
33
544
34
544
35
544
36
544
37
544
38
544
39
544
40
544
41
544
42
544
43
544
44
544
45
544
46
544
47
544
48
544
49
544
50
544
51
544
52
544
53
544
54
544
55
544
56
544
57
544
58
544
59
544
60
544
61
544
62
544
63
544
64
544
65
544
66
544
67
544
68
544
69
544
70
544
71
544
72
544
73
544
74
544
75
544
76
544
77
544
78
544
79
544
80
544
81
544
82
544
83
544
84
544
85
544
86
544
87
544
88
544
89
544
90
544
91
544
92
544
93
544
94
544
95
544
96
544
97
544
98
544
99
544
100
544
101
544
102
544
103
544
104
544
105
544
106
544
107
544
108
544
109
544
110
544
111
544
112
544
113
544
114
544
115
544
116
544
117
544
118
544
119
544
120
544
121
544
122
544
123
544
124
544
125
544
126
544
127
544
128
544
129
544
130
544
131
544
132
544
133
544
134
544
135
544
136
544
137
544
138
544
139
544
140
544
141
544
142
544
143
544
144
544
145
544
146
544
147
544
148
544
149
544
150
544
151
544
152
544
153
544
154
544
155
544
156
544
157
544
158
544
159
544
160
544
161
544
162
544
163
544
164
544
165
544
166
544
167
544
168
544
169
544
170
544
171
544
172
544
173
544
174
544
175
544
176
544
177
544
178
544
179
544
180
544
181
544
182
544
183
544
184
544
185
544
186
544
187
544
188
544
189
544
190
544
191
544
192
544
193
544
194
544
195
544
196
544
197
544
198
544
199
544
200
544
201
544
202
544
203
544
204
544
205
544
206
544
207
544
208
544
209
544
210
544
211
544
212
544
213
544
214
544
215
544
216
544
217
544
218
544
219
544
220
544
221
544
222
544
223
544
224
544
225
544
226
544
227
544
228
544
229
544
230
544
231
544
232
544
233
544
234
544
235
544
236
544
237
544
238
544
239
544
240
544
241
544
242
544
243
544
244
544
245
544
246
544
247
544
248
544
249
544
250
544
251
544
252
544
253
544
254
544
255
544
256
544
257
544
258
544
259
544
260
544
261
544
262
544
263
544
264
544
265
544
266
544
267
544
268
544
269
544
270
544
271
544
272
544
273
544
274
544
275
544
276
544
277
544
278
544
279
544
280
544
281
544
282
544
283
544
284
544
285
544
286
544
287
544
288
544
289
544
290
544
291
544
292
544
293
544
294
544
295
544
296
544
297
544
298
544
299
544
300
544
301
544
302
544
303
544
304
544
305
544
306
544
307
544
308
544
309
544
310
544
311
544
312
544
313
544
314
544
315
544
316
544
317
544
318
544
319
544
320
544
321
544
322
544
323
544
324
544
325
544
326
544
327
544
328
544
329
544
330
544
331
544
332
544
333
544
334
544
335
544
336
544
337
544
338
544
339
544
340
544
341
544
342
544
343
544
344
544
345
544
346
544
347
544
348
544
349
544
350
544
351
544
352
544
353
544
354
544
355
544
356
544
357
544
358
544
359
544
360
544
361
544
362
544
363
544
364
544
365
544
366
544
367
544
368
544
369
544
370
544
371
544
372
544
373
544
374
544
375
544
376
544
377
544
378
544
379
544
380
544
381
544
382
544
383
544
384
544
385
544
386
544
387
544
388
544
389
544
390
544
391
544
392
544
393
544
394
544
395
544
396
544
397
544
398
544
399
544
400
544
401
544
402
544
403
544
404
544
405
544
406
544
407
544
408
544
409
544
410
544
411
544
412
544
413
544
414
544
415
544
416
544
417
544
418
544
419
544
420
544
421
544
422
544
423
544
424
544
425
544
426
544
427
544
428
544
429
544
430
544
431
544
432
544
433
544
434
544
435
544
436
544
437
544
438
544
439
544
440
544
441
544
442
544
443
544
444
544
445
544
446
544
447
544
448
544
449
544
450
544
451
544
452
544
453
544
454
544
455
544
456
544
457
544
458
544
459
544
460
544
461
544
462
544
463
544
464
544
465
544
466
544
467
544
468
544
469
544
470
544
471
544
472
544
473
544
474
544
475
544
476
544
477
544
478
544
479
544
480
544
481
544
482
544
483
544
484
544
485
544
486
544
487
544
488
544
489
544
490
544
491
544
492
544
493
544
494
544
495
544
496
544
497
544
498
544
499
544
500
544
501
544
502
544
503
544
504
544
505
544
506
544
507
544
508
544
509
544
510
544
511
544
512
544
513
544
514
544
515
544
516
544
517
544
518
544
519
544
520
544
521
544
522
544
523
544
524
544
525
544
526
544
527
544
528
544
529
544
530
544
531
544
532
544
533
544
534
544
535
544
536
544
537
544
538
544
539
544
540
544
541
544
542
544
543
544
544
544
545
544
546
544
547
544
548
544
549
544
550
544
551
544
552
544
553
544
554
544
555
544
556
544
557
544
558
544
559
544
560
544
561
544
562
544
563
544
564
544
565
544
566
544
567
544
568
544
569
544
570
544
571
544
572
544
573
544
574
544
575
544
576
544
577
544
578
544
579
544
580
544
581
544
582
544
583
544
584
544
585
544
586
544
587
544
588
544
589
544
590
544
591
544
592
544
593
544
594
544
595
544
596
544
597
544
598
544
599
544
600
544
601
544
602
544
603
544
604
544
605
544
606
544
607
544
608
544
609
544
610
544
611
544
612
544
613
544
614
544
615
544
616
544
617
544
618
544
619
544
620
544
621
544
622
544
623
544
624
544
625
544
626
544
627
544
628
544
629
544
630
544
631
544
632
544
633
544
634
544
635
544
636
544
637
544
638
544
639
544
640
544
641
544
642
544
643
544
644
544
645
544
646
544
647
544
648
544
649
544
650
544
651
544
652
544
653
544
654
544
655
544
656
544
657
544
658
544
659
544
660
544
661
544
662
544
663
544
664
544
665
544
666
544
667
544
668
544
669
544
670
544
671
544
672
544
673
544
674
544
675
544
676
544
677
544
678
544
679
544
680
544
681
544
682
544
683
544
684
544
685
544
686
544
687
544
688
544
689
544
690
544
691
544
692
544
693
544
694
544
695
544
696
544
697
544
698
544
699
544
700
544
701
544
702
544
703
544
704
544
705
544
706
544
707
544
708
544
709
544
710
544
711
544
712
544
713
544
714
544
715
544
716
544
717
544
718
544
719
544
720
544
721
544
722
544
723
544
724
544
725
544
726
544
727
544
728
544
729
544
730
544
731
544
732
544
733
544
734
544
735
544
736
544
737
544
738
544
739
544
740
544
741
544
742
544
743
544
744
544
745
544
746
544
747
544
748
544
749
544
750
544
751
544
752
544
753
544
754
544
755
544
756
544
757
544
758
544
759
544
760
544
761
544
762
544
763
544
764
544
765
544
766
544
767
544
768
544
769
544
770
544
771
544
772
544
773
544
774
544
775
544
776
544
777
544
778
544
779
544
780
544
781
544
782
544
783
544
784
544
785
544
786
544
787
544
788
544
789
544
790
544
791
544
792
544
793
544
794
544
795
544
796
544
797
544
798
544
799
544
800
544
801
544
802
544
803
544
804
544
805
544
806
544
807
544
808
544
809
544
810
544
811
544
812
544
813
544
814
544
815
544
816
544
817
544
818
544
819
544
820
544
821
544
822
544
823
544
824
544
825
544
826
544
827
544
828
544
829
544
830
544
831
544
832
544
833
544
834
544
835
544
836
544
837
544
838
544
839
544
839
543
839
542
839
541
839
540
839
539
839
538
839
537
839
536
839
535
839
534
839
533
839
532
839
531
839
530
839
529
839
528
839
527
839
526
839
525
839
524
839
523
839
522
839
521
839
520
839
519
839
518
839
517
839
516
839
515
839
514
839
513
839
512
839
511
839
510
839
509
839
508
839
507
839
506
839
505
839
504
839
503
839
502
839
501
839
500
839
499
839
498
839
497
839
496
839
495
839
494
839
493
839
492
839
491
839
490
839
489
839
488
839
487
839
486
839
485
839
484
839
483
839
482
839
481
839
480
839
479
839
478
839
477
839
476
839
475
839
474
839
473
839
472
839
471
839
470
839
469
839
468
839
467
839
466
839
465
839
464
839
463
839
462
839
461
839
460
839
459
839
458
839
457
839
456
839
455
839
454
839
453
839
452
839
451
839
450
839
449
839
448
839
447
839
446
839
445
839
444
839
443
839
442
839
441
839
440
839
439
839
438
839
437
839
436
839
435
839
434
839
433
839
432
839
431
839
430
839
429
839
428
839
427
839
426
839
425
839
424
839
423
839
422
839
421
839
420
839
419
839
418
839
417
839
416
839
415
839
414
839
413
839
412
839
411
839
410
839
409
839
408
839
407
839
406
839
405
839
404
839
403
839
402
839
401
839
400
839
399
839
398
839
397
839
396
839
395
839
394
839
393
839
392
839
391
839
390
839
389
839
388
839
387
839
386
839
385
839
384
839
383
839
382
839
381
839
380
839
379
839
378
839
377
839
376
839
375
839
374
839
373
839
372
839
371
839
370
839
369
839
368
839
367
839
366
839
365
839
364
839
363
839
362
839
361
839
360
839
359
839
358
839
357
839
356
839
355
839
354
839
353
839
352
839
351
839
350
839
349
839
348
839
347
839
346
839
345
839
344
839
343
839
342
839
341
839
340
839
339
839
338
839
337
839
336
839
335
839
334
839
333
839
332
839
331
839
330
839
329
839
328
839
327
839
326
839
325
839
324
839
323
839
322
839
321
839
320
839
319
839
318
839
317
839
316
839
315
839
314
839
313
839
312
839
311
839
310
839
309
839
308
839
307
839
306
839
305
839
304
839
303
839
302
839
301
839
300
839
299
839
298
839
297
839
296
839
295
839
294
839
293
839
292
839
291
839
290
839
289
839
288
839
287
839
286
839
285
839
284
839
283
839
282
839
281
839
280
839
279
839
278
839
277
839
276
839
275
839
274
839
273
839
272
839
271
839
270
839
269
839
268
839
267
839
266
839
265
839
264
839
263
839
262
839
261
839
260
839
259
839
258
839
257
839
256
839
255
839
254
839
253
839
252
839
251
839
250
839
249
839
248
839
247
839
246
839
245
839
244
839
243
839
242
839
241
839
240
839
239
839
238
839
237
839
236
839
235
839
234
839
233
839
232
839
231
839
230
839
229
839
228
839
227
839
226
839
225
839
224
839
223
839
222
839
221
839
220
839
219
839
218
839
217
839
216
839
215
839
214
839
213
839
212
839
211
839
210
839
209
839
208
839
207
839
206
839
205
839
204
839
203
839
202
839
201
839
200
839
199
839
198
839
197
839
196
839
195
839
194
839
193
839
192
839
191
839
190
839
189
839
188
839
187
839
186
839
185
839
184
839
183
839
182
839
181
839
180
839
179
839
178
839
177
839
176
839
175
839
174
839
173
839
172
839
171
839
170
839
169
839
168
839
167
839
166
839
165
839
164
839
163
839
162
839
161
839
160
839
159
839
158
839
157
839
156
839
155
839
154
839
153
839
152
839
151
839
150
839
149
839
148
839
147
839
146
839
145
839
144
839
143
839
142
839
141
839
140
839
139
839
138
839
137
839
136
839
135
839
134
839
133
839
132
839
131
839
130
839
129
839
128
839
127
839
126
839
125
839
124
839
123
839
122
839
121
839
120
839
119
839
118
839
117
839
116
839
115
839
114
839
113
839
112
839
111
839
110
839
109
839
108
839
107
839
106
839
105
839
104
839
103
839
102
839
101
839
100
839
99
839
98
839
97
839
96
839
95
839
94
839
93
839
92
839
91
839
90
839
89
839
88
839
87
839
86
839
85
839
84
839
83
839
82
839
81
839
80
839
79
839
78
839
77
839
76
839
75
839
74
839
73
839
72
839
71
839
70
839
69
839
68
839
67
839
66
839
65
839
64
839
63
839
62
839
61
839
60
839
59
839
58
839
57
839
56
839
55
839
54
839
53
839
52
839
51
839
50
839
49
839
48
839
47
839
46
839
45
839
44
839
43
839
42
839
41
839
40
839
39
839
38
839
37
839
36
839
35
839
34
839
33
839
32
839
31
839
30
839
29
839
28
839
27
839
26
839
25
839
24
839
23
839
22
839
21
839
20
839
19
839
18
839
17
839
16
839
15
839
14
839
13
839
12
839
11
839
10
839
9
839
8
839
7
839
6
839
5
839
4
839
3
839
2
839
1
839
0
838
0
837
0
836
0
835
0
834
0
833
0
832
0
831
0
830
0
829
0
828
0
827
0
826
0
825
0
824
0
823
0
822
0
821
0
820
0
819
0
818
0
817
0
816
0
815
0
814
0
813
0
812
0
811
0
810
0
809
0
808
0
807
0
806
0
805
0
804
0
803
0
802
0
801
0
800
0
799
0
798
0
797
0
796
0
795
0
794
0
793
0
792
0
791
0
790
0
789
0
788
0
787
0
786
0
785
0
784
0
783
0
782
0
781
0
780
0
779
0
778
0
777
0
776
0
775
0
774
0
773
0
772
0
771
0
770
0
769
0
768
0
767
0
766
0
765
0
764
0
763
0
762
0
761
0
760
0
759
0
758
0
757
0
756
0
755
0
754
0
753
0
752
0
751
0
750
0
749
0
748
0
747
0
746
0
745
0
744
0
743
0
742
0
741
0
740
0
739
0
738
0
737
0
736
0
735
0
734
0
733
0
732
0
731
0
730
0
729
0
728
0
727
0
726
0
725
0
724
0
723
0
722
0
721
0
720
0
719
0
718
0
717
0
716
0
715
0
714
0
713
0
712
0
711
0
710
0
709
0
708
0
707
0
706
0
705
0
704
0
703
0
702
0
701
0
700
0
699
0
698
0
697
0
696
0
695
0
694
0
693
0
692
0
691
0
690
0
689
0
688
0
687
0
686
0
685
0
684
0
683
0
682
0
681
0
680
0
679
0
678
0
677
0
676
0
675
0
674
0
673
0
672
0
671
0
670
0
669
0
668
0
667
0
666
0
665
0
664
0
663
0
662
0
661
0
660
0
659
0
658
0
657
0
656
0
655
0
654
0
653
0
652
0
651
0
650
0
649
0
648
0
647
0
646
0
645
0
644
0
643
0
642
0
641
0
640
0
639
0
638
0
637
0
636
0
635
0
634
0
633
0
632
0
631
0
630
0
629
0
628
0
627
0
626
0
625
0
624
0
623
0
622
0
621
0
620
0
619
0
618
0
617
0
616
0
615
0
614
0
613
0
612
0
611
0
610
0
609
0
608
0
607
0
606
0
605
0
604
0
603
0
602
0
601
0
600
0
599
0
598
0
597
0
596
0
595
0
594
0
593
0
592
0
591
0
590
0
589
0
588
0
587
0
586
0
585
0
584
0
583
0
582
0
581
0
580
0
579
0
578
0
577
0
576
0
575
0
574
0
573
0
572
0
571
0
570
0
569
0
568
0
567
0
566
0
565
0
564
0
563
0
562
0
561
0
560
0
559
0
558
0
557
0
556
0
555
0
554
0
553
0
552
0
551
0
550
0
549
0
548
0
547
0
546
0
545
0
544
0
543
0
542
0
541
0
540
0
539
0
538
0
537
0
536
0
535
0
534
0
533
0
532
0
531
0
530
0
529
0
528
0
527
0
526
0
525
0
524
0
523
0
522
0
521
0
520
0
519
0
518
0
517
0
516
0
515
0
514
0
513
0
512
0
511
0
510
0
509
0
508
0
507
0
506
0
505
0
504
0
503
0
502
0
501
0
500
0
499
0
498
0
497
0
496
0
495
0
494
0
493
0
492
0
491
0
490
0
489
0
488
0
487
0
486
0
485
0
484
0
483
0
482
0
481
0
480
0
479
0
478
0
477
0
476
0
475
0
474
0
473
0
472
0
471
0
470
0
469
0
468
0
467
0
466
0
465
0
464
0
463
0
462
0
461
0
460
0
459
0
458
0
457
0
456
0
455
0
454
0
453
0
452
0
451
0
450
0
449
0
448
0
447
0
446
0
445
0
444
0
443
0
442
0
441
0
440
0
439
0
438
0
437
0
436
0
435
0
434
0
433
0
432
0
431
0
430
0
429
0
428
0
427
0
426
0
425
0
424
0
423
0
422
0
421
0
420
0
419
0
418
0
417
0
416
0
415
0
414
0
413
0
412
0
411
0
410
0
409
0
408
0
407
0
406
0
405
0
404
0
403
0
402
0
401
0
400
0
399
0
398
0
397
0
396
0
395
0
394
0
393
0
392
0
391
0
390
0
389
0
388
0
387
0
386
0
385
0
384
0
383
0
382
0
381
0
380
0
379
0
378
0
377
0
376
0
375
0
374
0
373
0
372
0
371
0
370
0
369
0
368
0
367
0
366
0
365
0
364
0
363
0
362
0
361
0
360
0
359
0
358
0
357
0
356
0
355
0
354
0
353
0
352
0
351
0
350
0
349
0
348
0
347
0
346
0
345
0
344
0
343
0
342
0
341
0
340
0
339
0
338
0
337
0
336
0
335
0
334
0
333
0
332
0
331
0
330
0
329
0
328
0
327
0
326
0
325
0
324
0
323
0
322
0
321
0
320
0
319
0
318
0
317
0
316
0
315
0
314
0
313
0
312
0
311
0
310
0
309
0
308
0
307
0
306
0
305
0
304
0
303
0
302
0
301
0
300
0
299
0
298
0
297
0
296
0
295
0
294
0
293
0
292
0
291
0
290
0
289
0
288
0
287
0
286
0
285
0
284
0
283
0
282
0
281
0
280
0
279
0
278
0
277
0
276
0
275
0
274
0
273
0
272
0
271
0
270
0
269
0
268
0
267
0
266
0
265
0
264
0
263
0
262
0
261
0
260
0
259
0
258
0
257
0
256
0
255
0
254
0
253
0
252
0
251
0
250
0
249
0
248
0
247
0
246
0
245
0
244
0
243
0
242
0
241
0
240
0
239
0
238
0
237
0
236
0
235
0
234
0
233
0
232
0
231
0
230
0
229
0
228
0
227
0
226
0
225
0
224
0
223
0
222
0
221
0
220
0
219
0
218
0
217
0
216
0
215
0
214
0
213
0
212
0
211
0
210
0
209
0
208
0
207
0
206
0
205
0
204
0
203
0
202
0
201
0
200
0
199
0
198
0
197
0
196
0
195
0
194
0
193
0
192
0
191
0
190
0
189
0
188
0
187
0
186
0
185
0
184
0
183
0
182
0
181
0
180
0
179
0
178
0
177
0
176
0
175
0
174
0
173
0
172
0
171
0
170
0
169
0
168
0
167
0
166
0
165
0
164
0
163
0
162
0
161
0
160
0
159
0
158
0
157
0
156
0
155
0
154
0
153
0
152
0
151
0
150
0
149
0
148
0
147
0
146
0
145
0
144
0
143
0
142
0
141
0
140
0
139
0
138
0
137
0
136
0
135
0
134
0
133
0
132
0
131
0
130
0
129
0
128
0
127
0
126
0
125
0
124
0
123
0
122
0
121
0
120
0
119
0
118
0
117
0
116
0
115
0
114
0
113
0
112
0
111
0
110
0
109
0
108
0
107
0
106
0
105
0
104
0
103
0
102
0
101
0
100
0
99
0
98
0
97
0
96
0
95
0
94
0
93
0
92
0
91
0
90
0
89
0
88
0
87
0
86
0
85
0
84
0
83
0
82
0
81
0
80
0
79
0
78
0
77
0
76
0
75
0
74
0
73
0
72
0
71
0
70
0
69
0
68
0
67
0
66
0
65
0
64
0
63
0
62
0
61
0
60
0
59
0
58
0
57
0
56
0
55
0
54
0
53
0
52
0
51
0
50
0
49
0
48
0
47
0
46
0
45
0
44
0
43
0
42
0
41
0
40
0
39
0
38
0
37
0
36
0
35
0
34
0
33
0
32
0
31
0
30
0
29
0
28
0
27
0
26
0
25
0
24
0
23
0
22
0
21
0
20
0
19
0
18
0
17
0
16
0
15
0
14
0
13
0
12
0
11
0
10
0
9
0
8
0
7
0
6
0
5
0
4
0
3
0
2
0
1
0
****
627
253
628
252
629
253
630
254
631
255
631
256
632
256
633
257
634
258
635
259
636
260
637
260
638
261
639
261
640
262
641
262
642
263
643
263
644
263
645
264
646
264
647
264
648
265
649
265
650
265
651
265
652
265
653
266
654
266
655
266
656
266
657
266
658
266
659
266
660
266
661
266
662
266
663
266
664
266
665
266
666
266
667
266
668
266
669
266
670
266
671
266
672
265
673
265
674
265
675
265
676
265
677
265
678
264
679
264
680
264
681
264
682
264
683
263
684
263
685
263
686
263
687
263
688
262
689
262
690
262
691
261
692
261
693
261
694
261
695
261
696
260
697
260
698
260
699
260
700
259
701
259
702
259
703
259
704
259
705
258
706
258
707
258
708
258
709
257
710
257
711
257
712
257
713
257
714
257
715
256
716
256
717
256
718
256
719
256
720
256
721
256
722
256
723
255
724
255
725
255
726
255
727
255
728
255
729
255
730
255
731
255
732
255
733
256
734
256
735
256
736
256
737
256
738
256
739
256
740
257
741
257
742
257
743
257
744
257
745
258
746
258
747
258
748
259
749
259
750
259
751
260
752
260
753
260
754
261
755
261
756
262
757
262
758
263
759
263
760
263
761
264
762
265
763
265
764
266
765
266
766
267
767
267
768
268
769
269
770
269
771
270
772
271
773
272
774
272
775
273
776
274
777
275
778
276
779
277
780
278
781
279
782
280
783
281
784
282
785
283
786
284
787
285
788
286
789
287
790
288
791
289
791
290
792
291
793
292
794
293
795
294
795
295
796
296
797
297
797
298
798
299
799
300
799
301
800
302
801
303
802
304
802
305
803
306
803
307
804
308
805
309
805
310
806
311
806
312
807
313
807
314
808
315
808
316
809
317
809
318
810
319
810
320
810
321
811
322
811
323
812
324
812
325
812
326
813
327
813
328
813
329
814
330
814
331
814
332
815
333
815
334
815
335
815
336
816
337
816
338
816
339
816
340
817
341
817
342
817
343
817
344
818
345
818
346
818
347
818
348
818
349
818
350
818
351
819
352
819
353
819
354
819
355
819
356
819
357
819
358
819
359
819
360
819
361
819
362
819
363
819
364
819
365
819
366
819
367
819
368
819
369
819
370
819
371
819
372
819
373
819
374
819
375
819
376
819
377
819
378
819
379
819
380
819
381
819
382
818
383
818
384
818
385
818
386
818
387
818
388
818
389
817
390
817
391
817
392
817
393
816
394
816
395
816
396
816
397
815
398
815
399
815
400
815
401
814
402
814
403
814
404
813
405
813
406
813
407
812
408
812
409
812
410
811
411
811
412
811
413
810
414
810
415
809
416
809
417
808
418
808
419
807
420
807
421
807
422
806
423
805
424
805
425
804
426
804
427
803
428
803
429
802
430
801
431
801
432
800
433
799
434
799
435
798
436
797
437
797
438
796
439
795
440
794
441
794
442
793
443
792
444
791
445
790
446
789
447
789
448
788
449
787
450
786
451
785
452
784
453
783
454
782
455
781
456
780
457
779
458
778
459
777
460
776
461
775
461
774
462
773
463
772
464
771
464
770
465
769
466
768
467
767
467
766
468
765
469
764
470
763
470
762
471
761
471
760
472
759
473
758
473
757
474
756
474
755
475
754
475
753
476
752
476
751
477
750
477
749
478
748
478
747
479
746
479
745
480
744
480
743
480
742
481
741
481
740
482
739
482
738
482
737
483
736
483
735
483
734
484
733
484
732
484
731
484
730
485
729
485
728
485
727
486
726
486
725
486
724
486
723
487
722
487
721
487
720
487
719
487
718
487
717
488
716
488
715
488
714
488
713
488
712
488
711
489
710
489
709
489
708
489
707
489
706
489
705
489
704
489
703
489
702
489
701
489
700
489
699
489
698
489
697
489
696
489
695
489
694
489
693
489
692
489
691
489
690
489
689
489
688
489
687
489
686
489
685
489
684
489
683
489
682
489
681
489
680
489
679
488
678
488
677
488
676
488
675
488
674
488
673
487
672
487
671
487
670
487
669
487
668
487
667
486
666
486
665
486
664
486
663
486
662
485
661
485
660
485
659
485
658
484
657
484
656
484
655
483
654
483
653
483
652
483
651
482
650
482
649
482
648
481
647
481
646
481
645
480
644
480
643
480
642
479
641
479
640
478
639
478
638
478
637
477
636
477
635
476
634
476
633
475
632
475
631
474
630
474
629
473
628
473
627
472
626
472
625
471
624
471
623
470
622
470
621
469
620
469
619
468
618
468
617
467
616
466
615
466
614
465
613
465
612
464
611
463
610
463
609
462
608
461
607
461
606
460
605
459
604
458
603
458
602
457
601
456
600
455
599
455
598
454
597
453
596
452
595
451
594
451
593
450
592
449
591
448
590
447
589
446
588
446
587
445
586
444
585
443
584
442
583
441
582
440
581
439
580
438
579
437
578
436
577
435
576
434
575
433
574
432
573
431
572
430
571
429
570
428
569
427
568
426
567
425
567
424
566
423
565
422
564
421
563
420
562
419
561
418
561
417
560
416
559
415
558
414
557
413
556
412
556
411
555
410
554
409
553
408
553
407
552
406
551
405
550
404
550
403
549
402
548
401
547
400
547
399
546
398
545
397
545
396
544
395
543
394
543
393
542
392
541
391
541
390
540
389
539
388
539
387
538
386
537
385
537
384
536
383
535
382
535
381
534
380
533
381
532
381
531
382
530
382
529
382
528
381
527
380
526
379
525
378
524
377
523
376
523
375
522
374
521
373
521
372
520
371
520
370
520
369
520
368
520
367
521
366
521
365
522
364
522
363
523
362
524
361
525
360
526
360
527
360
528
360
529
361
530
362
531
363
532
363
533
363
534
363
535
362
536
361
537
361
538
360
539
360
540
359
541
358
542
358
543
357
544
357
545
356
546
355
547
355
548
354
549
354
550
353
551
352
552
351
553
351
554
350
555
349
556
349
557
348
558
347
559
346
560
345
561
344
562
343
563
342
564
341
565
340
566
339
566
338
567
337
568
336
568
335
569
334
569
333
569
332
568
332
567
332
566
332
565
332
564
332
563
332
562
333
561
333
560
333
559
333
558
333
557
334
556
334
555
334
554
335
553
335
552
336
551
336
550
337
549
337
548
338
547
339
546
339
545
340
544
341
543
342
542
343
541
344
540
345
539
346
538
347
538
348
537
349
537
350
536
351
535
351
534
350
533
349
532
348
531
347
531
346
530
345
529
344
528
343
528
342
527
341
527
340
526
339
527
338
527
337
528
336
529
335
530
334
530
333
531
332
532
331
533
330
534
329
535
328
536
328
536
327
535
327
534
327
533
327
532
327
531
327
530
327
529
327
528
327
527
327
526
327
525
327
524
327
523
327
522
327
521
327
520
327
519
327
518
327
517
327
516
327
515
327
514
327
513
327
512
327
511
327
510
327
509
327
508
327
507
327
506
327
506
328
506
329
506
330
506
331
506
332
506
333
506
334
506
335
506
336
506
337
506
338
506
339
506
340
506
341
506
342
506
343
506
344
506
345
506
346
506
347
506
348
506
349
506
350
506
351
506
352
506
353
506
354
506
355
506
356
506
357
506
358
506
359
506
360
506
361
506
362
506
363
506
364
506
365
506
366
506
367
506
368
506
369
506
370
506
371
506
372
506
373
506
374
506
375
506
376
506
377
506
378
506
379
506
380
506
381
506
382
506
383
506
384
506
385
506
386
506
387
506
388
506
389
506
390
506
391
506
392
506
393
506
394
506
395
506
396
506
397
506
398
506
399
506
400
506
401
506
402
506
403
506
404
506
405
506
406
506
407
506
408
506
409
506
410
506
411
506
412
506
413
506
414
506
415
506
416
506
417
506
418
506
419
506
420
506
421
506
422
506
423
506
424
506
425
506
426
506
427
506
428
506
429
506
430
506
431
506
432
506
433
506
434
506
435
506
436
506
437
506
438
506
439
506
440
506
441
506
442
506
443
506
444
506
445
506
446
506
447
506
448
506
449
506
450
506
451
506
452
506
453
506
454
506
455
506
456
506
457
506
458
506
459
506
460
506
461
506
462
506
463
506
464
506
465
506
466
506
467
506
468
506
469
506
470
506
471
506
472
506
473
506
474
506
475
506
476
506
477
506
478
506
479
506
480
506
481
506
482
506
483
506
484
507
484
508
484
509
485
510
485
511
486
512
486
513
486
514
487
515
488
516
488
517
489
518
489
519
490
520
491
521
491
522
492
523
493
524
493
525
494
524
495
523
495
522
495
521
494
520
494
519
493
518
493
517
492
516
492
515
492
514
492
513
491
512
491
511
491
510
491
509
492
508
492
507
492
506
492
505
492
504
493
503
493
502
493
501
494
500
494
499
495
498
495
497
496
496
497
495
497
494
498
493
499
492
500
491
501
490
502
489
503
488
504
487
505
487
506
486
507
485
508
485
509
484
510
483
511
482
512
482
513
481
514
480
515
480
516
479
517
479
518
478
519
477
520
476
521
475
520
474
520
473
519
472
519
471
518
470
518
469
517
468
517
467
516
466
516
465
515
464
514
464
513
464
512
465
511
465
510
466
509
466
508
467
507
468
506
468
505
469
504
470
503
470
502
471
501
472
500
473
499
473
498
474
497
475
496
476
495
477
494
478
493
479
492
480
491
481
490
482
489
483
489
484
488
485
487
486
487
487
486
488
486
489
485
490
485
491
484
492
484
493
484
494
484
495
484
496
483
497
483
498
483
499
483
500
483
501
483
500
483
499
482
498
482
497
481
496
480
495
480
494
479
493
478
492
477
492
476
492
475
492
474
492
473
492
472
492
471
492
470
492
469
492
468
492
467
492
466
492
465
492
464
492
463
492
462
492
461
492
460
492
459
492
458
492
457
492
456
492
455
492
454
492
453
492
452
492
451
492
450
492
449
492
448
492
447
492
446
492
445
492
444
492
443
492
442
492
441
492
440
492
439
492
438
492
437
492
436
492
435
492
434
492
433
492
432
492
431
492
430
492
429
492
428
492
427
492
426
492
425
492
424
492
423
492
422
492
421
492
420
492
419
492
418
492
417
492
416
492
415
492
414
492
413
492
412
492
411
492
410
492
409
492
408
492
407
492
406
492
405
492
404
492
403
492
402
492
401
492
400
492
399
492
398
492
397
492
396
492
395
492
394
492
393
492
392
492
391
492
390
492
389
492
388
492
387
492
386
492
385
492
384
492
383
492
382
492
381
492
380
492
379
492
378
492
377
492
376
492
375
492
374
492
373
492
372
492
371
492
370
492
369
492
368
492
367
492
366
492
365
492
364
492
363
492
362
492
361
492
360
492
359
492
358
492
357
492
356
492
355
492
354
492
353
492
352
492
351
492
350
492
349
492
348
492
347
492
346
492
345
492
344
492
343
492
342
492
341
492
340
492
339
492
338
492
337
492
336
492
335
492
334
492
333
492
332
492
331
492
330
492
329
492
328
492
327
491
327
490
327
489
327
488
327
487
327
486
327
485
327
484
327
483
327
482
327
481
327
480
327
479
327
478
327
477
327
476
327
475
327
474
327
473
327
473
328
473
329
473
330
473
331
473
332
473
333
473
334
473
335
473
336
473
337
473
338
473
339
473
340
473
341
473
342
473
343
473
344
473
345
473
346
473
347
473
348
473
349
473
350
473
351
473
352
473
353
473
354
473
355
473
356
474
357
474
358
473
359
473
360
473
361
473
362
473
363
473
364
473
365
473
366
473
367
473
368
473
369
473
370
473
371
473
372
473
373
473
374
473
375
473
376
473
377
473
378
473
379
473
380
473
381
473
382
473
383
473
384
473
385
473
386
473
387
473
388
473
389
473
390
473
391
473
392
473
393
473
394
473
395
473
396
473
397
473
398
473
399
473
400
473
401
473
402
473
403
473
404
473
405
473
406
473
407
473
408
473
409
473
410
473
411
473
412
473
413
473
414
472
415
471
415
470
414
469
414
468
414
467
413
466
412
465
412
464
411
463
411
462
410
461
409
460
408
459
407
459
406
459
405
459
404
459
403
459
402
459
401
459
400
459
399
459
398
459
397
459
396
459
395
459
394
459
393
459
392
459
391
459
390
459
389
459
388
459
387
459
386
459
385
459
384
459
383
459
382
459
381
459
380
459
379
459
378
459
377
459
376
459
375
459
374
459
373
459
372
459
371
459
370
459
369
458
369
457
369
456
369
455
369
454
370
453
370
452
370
451
370
450
370
449
370
448
370
447
370
446
370
445
370
444
370
443
370
442
370
441
370
440
370
439
370
438
370
437
370
436
370
435
370
435
371
435
372
435
373
435
374
435
375
435
376
435
377
435
378
435
379
434
380
435
381
435
382
435
383
435
384
435
385
435
386
435
387
435
388
435
389
435
390
435
391
435
392
434
393
434
394
434
395
434
396
434
397
434
398
434
399
435
400
435
401
434
402
434
403
433
404
432
403
431
403
430
403
429
403
428
402
427
402
426
401
425
401
424
400
423
400
422
399
421
399
420
398
419
398
418
397
417
396
416
396
415
395
414
395
413
394
412
393
411
392
410
392
409
391
408
390
407
389
406
388
405
387
405
386
404
385
404
384
404
383
403
382
403
381
403
380
403
379
403
378
404
377
404
376
404
375
405
374
405
373
406
372
406
371
407
370
408
369
409
368
410
367
411
366
412
366
413
365
414
365
415
364
416
364
417
363
418
363
419
363
420
362
421
362
421
361
421
360
421
359
421
358
421
357
421
356
421
355
421
354
421
353
421
352
421
351
421
350
421
349
421
348
421
347
421
346
421
345
421
344
421
343
421
342
421
341
421
340
421
339
420
338
420
337
420
336
420
335
420
334
420
333
420
332
420
331
420
330
420
329
420
328
420
327
419
327
418
327
417
327
416
327
415
327
414
327
413
327
412
327
411
327
410
327
409
327
408
327
407
327
406
327
405
327
404
327
403
327
402
327
401
327
400
327
399
327
398
327
397
327
396
327
395
327
394
327
393
327
392
327
391
327
390
327
389
327
388
327
387
327
386
326
385
325
384
324
383
323
382
322
381
321
381
320
380
319
379
318
379
317
378
316
379
315
380
315
381
315
382
315
383
315
384
315
385
315
386
315
387
315
388
315
389
315
390
315
391
315
392
315
393
315
394
315
395
315
396
315
397
315
398
315
399
315
400
315
401
315
402
315
403
315
404
315
405
315
406
315
407
315
408
315
409
315
410
315
411
315
412
315
413
315
414
315
415
315
416
315
417
315
418
315
419
315
420
315
421
315
422
315
423
315
424
315
425
315
426
315
427
315
428
315
429
315
430
315
431
315
432
315
433
315
434
315
435
315
436
315
437
315
438
315
439
315
440
315
441
315
442
315
443
315
444
315
445
315
446
315
447
315
448
315
449
315
450
315
451
315
452
315
453
315
454
315
455
315
456
315
457
315
458
315
459
315
460
315
461
315
462
315
463
315
464
315
465
315
466
315
467
315
468
315
469
315
470
315
471
315
472
315
473
315
474
315
475
315
476
315
477
315
478
315
479
315
480
315
481
315
482
315
483
315
484
315
485
315
486
315
487
315
488
315
489
315
490
315
490
314
489
314
488
313
487
312
486
312
485
311
484
310
483
310
482
309
481
308
480
308
479
307
478
307
477
306
476
306
475
305
474
305
473
305
472
304
471
304
470
304
469
304
468
303
467
303
466
303
465
303
464
303
463
303
462
303
461
303
460
303
459
304
458
304
457
304
456
304
455
305
454
306
453
306
452
307
451
307
450
308
449
308
448
309
447
309
446
309
445
309
444
309
443
309
442
308
441
308
440
307
439
306
438
305
438
304
437
303
436
302
435
301
434
300
434
299
433
298
432
297
432
296
433
295
434
296
435
296
436
297
437
297
438
297
439
296
440
296
441
295
442
295
443
294
444
293
445
293
446
292
447
292
448
292
449
291
450
291
451
291
452
290
453
290
454
290
455
290
456
290
457
290
458
290
459
291
460
291
461
291
462
291
463
292
464
292
465
292
466
293
467
293
468
294
469
294
470
295
471
295
472
296
473
296
474
297
475
297
476
298
477
299
478
299
479
300
480
301
481
301
482
302
483
303
484
304
485
304
486
305
487
306
488
307
489
308
490
309
491
309
492
310
493
311
494
312
495
313
495
314
496
314
497
315
498
315
499
315
500
315
501
315
502
315
503
315
504
315
505
315
506
315
507
315
508
315
509
315
510
315
511
315
512
315
513
315
514
315
515
315
516
315
517
315
518
315
519
315
520
315
521
315
522
315
523
315
524
315
525
315
526
315
527
315
528
315
529
315
530
315
531
315
532
315
533
315
534
315
535
315
536
315
537
315
538
315
539
315
540
315
541
315
542
315
543
315
544
315
545
315
546
315
547
315
548
315
549
315
550
315
551
315
552
315
553
315
554
315
555
315
556
315
557
315
558
315
559
315
560
315
561
315
562
315
563
315
564
315
565
315
566
315
567
315
568
315
569
315
570
315
571
315
572
315
573
315
574
315
575
315
576
315
577
315
578
315
579
315
580
315
581
315
582
315
583
315
584
315
585
315
586
315
587
315
588
315
589
315
590
315
591
315
592
315
593
315
594
315
595
315
596
315
597
315
598
315
599
315
600
315
601
315
602
315
603
315
604
315
605
315
606
316
606
317
607
317
608
318
609
318
610
318
611
318
612
319
613
319
614
319
615
320
616
320
617
320
618
321
619
321
620
322
621
322
622
323
623
323
624
324
625
324
626
325
627
326
628
326
629
327
630
328
631
329
632
329
633
330
634
331
635
332
636
333
637
334
638
335
639
336
639
337
640
338
641
339
642
340
642
341
643
342
644
343
644
344
645
345
646
346
646
347
647
348
647
349
648
350
648
351
648
352
648
353
649
354
649
355
648
356
648
357
648
358
647
359
647
360
646
361
645
362
644
363
643
364
642
365
641
366
640
366
639
367
638
367
637
368
636
368
635
368
634
369
633
369
632
369
631
369
630
370
629
370
628
370
627
370
626
370
625
370
624
370
623
371
622
371
621
371
620
371
619
371
618
371
617
371
616
371
615
371
614
371
613
371
612
371
611
371
610
371
609
371
608
370
607
370
606
370
605
370
604
369
603
369
602
369
601
368
601
369
601
370
601
371
601
372
601
373
601
374
602
375
602
376
602
377
603
378
603
379
604
380
605
380
606
381
607
382
608
382
609
383
610
383
611
384
612
384
613
385
614
385
615
385
616
385
617
386
618
386
619
386
620
386
621
386
622
387
623
387
624
387
625
387
626
387
627
387
628
387
629
387
630
387
631
387
632
386
633
386
634
386
635
386
636
386
637
385
638
385
639
385
640
385
641
384
642
384
643
383
644
382
645
382
646
381
647
380
648
379
649
378
650
377
651
376
651
375
652
374
652
373
653
372
653
371
654
370
654
369
655
368
655
367
656
366
657
365
657
364
657
363
657
362
657
361
657
360
657
359
657
358
657
357
657
356
657
355
657
354
657
353
657
352
657
351
657
350
657
349
657
348
657
347
657
346
657
345
657
344
657
343
657
342
657
341
657
340
657
339
657
338
657
337
657
336
657
335
657
334
657
333
657
332
657
331
657
330
657
329
657
328
657
327
656
327
655
327
654
327
653
327
652
327
651
327
650
327
649
327
648
327
647
327
646
327
645
327
644
327
643
327
642
327
641
327
640
327
639
327
638
327
637
326
636
325
635
324
634
323
634
322
633
321
632
320
631
319
631
318
630
317
630
316
631
315
632
315
633
315
634
315
635
315
636
315
637
315
638
315
639
315
640
315
641
315
642
315
643
315
644
315
645
315
646
315
647
315
648
315
649
315
650
315
651
315
652
315
653
315
654
315
655
315
656
315
657
315
658
315
659
315
660
315
661
315
662
315
663
315
664
315
665
315
666
315
667
315
668
315
669
315
670
315
671
315
672
315
673
315
674
315
675
315
676
315
677
315
678
315
679
315
680
315
681
315
682
315
683
315
684
315
685
315
686
315
687
315
688
315
689
315
690
315
691
315
692
315
693
315
694
315
695
315
696
315
697
315
698
315
699
315
700
315
701
315
702
315
703
315
704
315
705
315
706
315
707
315
708
315
709
315
710
315
711
315
712
315
713
315
714
315
715
316
716
317
717
318
718
319
719
320
720
321
721
322
721
323
722
324
723
325
723
326
722
327
721
327
720
327
719
327
718
327
717
327
716
327
715
327
714
327
713
327
712
327
711
327
710
327
709
327
708
327
707
327
706
327
705
327
704
327
703
328
703
329
703
330
703
331
703
332
703
333
703
334
703
335
703
336
703
337
703
338
703
339
703
340
703
341
703
342
703
343
703
344
703
345
703
346
703
347
703
348
703
349
703
350
703
351
703
352
703
353
703
354
703
355
703
356
703
357
703
358
703
359
703
360
703
361
703
362
703
363
703
364
703
365
703
366
703
367
703
368
703
369
703
370
703
371
703
372
703
373
703
374
703
375
703
376
703
377
703
378
703
379
703
380
703
381
703
382
703
383
703
384
703
385
703
386
703
387
703
388
703
389
703
390
703
391
703
392
703
393
703
394
703
395
703
396
703
397
703
398
703
399
703
400
703
401
703
402
703
403
703
404
703
405
703
406
703
407
703
408
703
409
703
410
703
411
703
412
703
413
703
414
702
415
701
415
700
414
699
414
698
413
697
413
696
412
695
412
694
411
693
410
692
410
691
409
690
408
690
407
690
406
690
405
690
404
690
403
690
402
690
401
690
400
690
399
690
398
690
397
690
396
690
395
690
394
690
393
690
392
690
391
690
390
690
389
690
388
690
387
690
386
690
385
690
384
690
383
690
382
690
381
690
380
690
379
690
378
690
377
690
376
690
375
690
374
690
373
690
372
690
371
690
370
690
369
690
368
690
367
690
366
690
365
690
364
690
363
690
362
690
361
690
360
690
359
690
358
690
357
690
356
690
355
690
354
690
353
690
352
690
351
690
350
690
349
690
348
690
347
690
346
690
345
690
344
690
343
690
342
690
341
690
340
690
339
690
338
690
337
690
336
690
335
690
334
690
333
690
332
690
331
690
330
690
329
690
328
689
327
688
327
687
327
686
327
685
327
684
327
683
327
682
327
681
327
680
327
679
327
678
327
677
327
676
327
675
327
674
327
673
327
672
327
671
327
671
328
671
329
671
330
671
331
671
332
671
333
671
334
671
335
671
336
671
337
671
338
671
339
671
340
671
341
671
342
671
343
671
344
671
345
671
346
671
347
671
348
671
349
671
350
671
351
671
352
671
353
671
354
671
355
671
356
671
357
671
358
671
359
671
360
671
361
671
362
671
363
671
364
671
365
671
366
671
367
671
368
671
369
671
370
671
371
671
372
671
373
671
374
671
375
671
376
671
377
671
378
671
379
671
380
671
381
671
382
671
383
671
384
671
385
671
386
671
387
671
388
671
389
671
390
671
391
671
392
671
393
671
394
671
395
671
396
671
397
671
398
671
399
671
400
671
401
671
402
671
403
671
404
671
405
671
406
671
407
671
408
671
409
671
410
671
411
671
412
671
413
671
414
670
415
669
415
668
415
667
414
666
414
665
413
664
413
663
412
662
412
661
411
660
410
659
410
658
409
657
408
657
407
657
406
657
405
657
404
657
403
657
402
657
401
657
400
657
399
657
398
657
397
657
396
657
395
657
394
657
393
657
392
656
393
655
394
654
394
653
395
652
396
651
396
650
397
649
397
648
397
647
398
646
398
645
398
644
398
643
399
642
399
641
399
640
399
639
399
638
399
637
399
636
399
635
399
634
399
633
399
632
399
631
399
630
399
629
399
628
399
627
398
626
398
625
398
624
398
623
397
622
397
621
397
620
396
619
396
618
396
617
395
616
395
615
394
614
393
613
393
612
392
611
391
610
391
609
390
608
389
607
388
606
387
605
386
604
385
603
384
602
383
602
382
601
381
600
380
599
379
599
378
598
377
597
376
597
375
596
374
595
373
595
372
594
371
594
370
593
369
593
368
592
367
592
366
592
365
592
364
591
363
591
362
591
361
591
360
591
359
591
358
591
357
592
356
593
356
594
356
595
357
596
357
597
357
598
358
599
358
600
358
601
358
602
358
603
358
604
358
605
358
606
358
607
358
608
358
609
358
610
358
611
358
612
358
613
358
614
358
615
358
616
358
617
358
618
357
619
357
620
357
621
357
622
357
623
356
624
356
625
356
626
356
627
355
628
355
629
354
630
354
631
354
632
353
633
352
634
351
635
351
636
350
636
349
637
348
637
347
638
346
638
345
638
344
638
343
638
342
638
341
638
340
637
339
636
339
635
338
634
337
633
337
632
336
631
335
630
335
629
334
628
334
627
334
626
333
625
333
624
332
623
332
622
332
621
331
620
331
619
331
618
331
617
330
616
330
615
330
614
330
613
330
612
330
611
330
610
330
609
331
608
331
607
331
606
332
605
332
604
333
603
334
602
335
601
336
600
337
600
338
599
339
599
340
599
341
599
342
598
343
597
343
596
342
595
341
594
340
594
339
593
338
592
337
591
336
591
335
590
334
589
333
589
332
589
331
589
330
589
329
589
328
589
327
588
327
587
327
586
327
585
327
584
327
583
327
582
327
581
327
580
327
579
327
578
327
577
327
576
327
575
327
574
327
575
328
575
329
576
330
577
331
578
332
578
333
579
334
579
335
580
336
580
337
580
338
581
339
580
340
580
341
580
342
580
343
579
344
579
345
579
346
578
347
577
348
577
349
576
350
575
351
575
352
574
353
573
354
572
355
571
356
570
357
569
358
568
359
567
360
566
360
565
361
564
362
563
362
562
363
561
364
560
365
559
365
558
366
557
367
556
367
555
368
554
368
553
369
552
370
551
370
550
371
549
371
548
372
547
373
546
373
545
374
544
374
543
375
542
376
541
376
540
377
539
377
538
378
538
379
538
380
539
381
540
382
540
383
541
384
541
385
542
386
543
387
543
388
544
389
544
390
545
391
545
392
546
393
547
394
547
395
548
396
549
397
550
398
550
399
551
400
552
401
552
402
553
403
554
404
554
405
555
406
556
407
557
408
557
409
558
410
559
411
560
412
561
413
561
414
562
415
563
416
564
417
565
418
566
419
567
420
568
421
569
422
570
423
571
424
572
425
573
426
574
427
575
428
576
429
576
430
577
430
578
431
579
432
580
433
581
434
582
435
583
436
584
437
585
438
586
438
587
439
588
440
589
441
590
441
591
442
592
443
593
444
594
445
595
445
596
446
597
447
598
447
599
448
600
449
601
450
602
450
603
451
604
452
605
452
606
453
607
453
608
454
609
455
610
455
611
456
612
456
613
457
614
457
615
458
616
459
617
459
618
460
619
460
620
461
621
461
622
462
623
462
624
462
625
463
626
463
627
464
628
464
629
465
630
465
631
466
632
466
633
466
634
467
635
467
636
467
637
468
638
468
639
469
640
469
641
469
642
470
643
470
644
470
645
470
646
471
647
471
648
471
649
472
650
472
651
472
652
472
653
473
654
473
655
473
656
473
657
474
658
474
659
474
660
474
661
475
662
475
663
475
664
475
665
475
666
475
667
475
668
476
669
476
670
476
671
476
672
476
673
476
674
476
675
476
676
476
677
477
678
477
679
477
680
477
681
477
682
477
683
477
684
477
685
477
686
477
687
477
688
477
689
477
690
477
691
477
692
477
693
477
694
477
695
477
696
477
697
476
698
476
699
476
700
476
701
476
702
476
703
476
704
476
705
476
706
475
707
475
708
475
709
475
710
475
711
475
712
475
713
474
714
474
715
474
716
474
717
473
718
473
719
473
720
473
721
472
722
472
723
472
724
471
725
471
726
471
727
470
728
470
729
470
730
469
731
469
732
469
733
468
734
468
735
467
736
467
737
467
738
466
739
466
740
465
741
465
742
464
743
464
744
463
745
463
746
462
747
462
748
461
749
461
750
460
751
459
752
459
753
458
754
457
755
457
756
456
757
455
758
455
759
454
760
453
761
453
762
452
763
451
764
450
765
449
766
449
767
448
768
447
769
446
770
445
771
444
772
443
773
442
774
441
775
440
776
439
777
438
778
437
779
436
780
435
781
434
782
433
782
432
783
431
784
430
785
429
786
428
786
427
787
426
788
425
788
424
789
423
790
422
790
421
791
420
792
419
792
418
793
417
793
416
794
415
795
414
795
413
796
412
796
411
797
410
797
409
798
408
798
407
799
406
799
405
800
404
800
403
800
402
801
401
801
400
801
399
802
398
802
397
803
396
803
395
803
394
803
393
804
392
804
391
804
390
805
389
805
388
805
387
806
386
806
385
806
384
806
383
806
382
807
381
807
380
807
379
807
378
808
377
808
376
808
375
808
374
808
373
808
372
808
371
809
370
809
369
809
368
809
367
809
366
809
365
809
364
809
363
809
362
809
361
809
360
809
359
809
358
809
357
809
356
809
355
809
354
809
353
809
352
809
351
809
350
809
349
809
348
809
347
809
346
809
345
809
344
809
343
809
342
809
341
808
340
808
339
808
338
808
337
808
336
808
335
807
334
807
333
807
332
807
331
807
330
806
329
806
328
806
327
806
326
805
325
805
324
805
323
805
322
804
321
804
320
804
319
803
318
803
317
803
316
802
315
802
314
801
313
801
312
801
311
800
310
800
309
799
308
799
307
798
306
798
305
797
304
797
303
796
302
796
301
795
300
795
299
794
298
793
297
793
296
792
295
791
294
790
293
790
292
789
291
788
290
787
289
786
288
785
287
784
286
783
285
782
285
781
284
780
283
779
282
778
282
777
281
776
280
775
280
774
279
773
279
772
278
771
277
770
277
769
276
768
276
767
275
766
275
765
274
764
274
763
274
762
273
761
273
760
272
759
272
758
272
757
271
756
271
755
271
754
270
753
270
752
270
751
270
750
269
749
269
748
269
747
269
746
269
745
268
744
268
743
268
742
268
741
268
740
268
739
268
738
268
737
268
736
268
735
268
734
268
733
268
732
268
731
268
730
268
729
268
728
268
727
269
726
269
725
269
724
269
723
269
722
269
721
269
720
270
719
270
718
270
717
270
716
270
715
271
714
271
713
271
712
271
711
271
710
272
709
272
708
272
707
272
706
273
705
273
704
273
703
273
702
274
701
274
700
274
699
274
698
275
697
275
696
275
695
275
694
276
693
276
692
276
691
276
690
277
689
277
688
277
687
277
686
277
685
277
684
278
683
278
682
278
681
278
680
278
679
278
678
278
677
279
676
279
675
279
674
279
673
279
672
279
671
279
670
279
669
279
668
279
667
279
666
279
665
278
664
278
663
278
662
278
661
278
660
278
659
278
658
277
657
277
656
277
655
277
654
276
653
276
652
276
651
275
650
275
649
275
648
274
647
274
646
273
645
272
644
272
643
271
642
270
641
270
640
269
639
268
638
267
637
266
636
265
635
264
634
263
633
262
632
261
632
260
631
259
630
258
629
257
628
256
628
255
627
254
****
421
377
420
378
420
379
419
380
419
381
418
382
418
383
417
384
417
385
417
386
417
387
417
388
417
389
417
390
418
391
418
392
419
393
419
394
420
395
421
395
421
394
421
393
421
392
421
391
421
390
421
389
421
388
421
387
421
386
421
385
421
384
421
383
421
382
421
381
421
380
421
379
421
378
****
434
327
434
328
434
329
434
330
434
331
434
332
434
333
434
334
434
335
434
336
434
337
434
338
434
339
434
340
434
341
434
342
434
343
434
344
434
345
434
346
434
347
434
348
434
349
434
350
434
351
434
352
434
353
434
354
434
355
434
356
434
357
434
358
434
359
435
360
435
361
436
361
437
361
438
361
439
361
440
361
441
361
442
361
443
361
444
361
445
361
446
361
447
360
448
360
449
360
450
360
451
360
452
359
453
359
454
358
455
358
456
357
457
357
458
356
458
355
459
354
459
353
459
352
459
351
459
350
459
349
459
348
459
347
459
346
459
345
459
344
459
343
459
342
459
341
459
340
459
339
459
338
459
337
459
336
459
335
459
334
459
333
459
332
459
331
459
330
459
329
459
328
459
327
458
327
457
327
456
327
455
327
454
327
453
327
452
327
451
327
450
327
449
327
448
327
447
327
446
327
445
327
444
327
443
327
442
327
441
327
440
327
439
327
438
327
437
327
436
327
435
327
****
176
239
177
238
178
238
179
238
180
238
181
238
182
238
183
238
184
238
185
238
186
238
187
238
188
239
189
239
190
239
191
240
192
240
193
241
194
241
195
242
196
242
197
243
198
243
199
244
200
244
201
245
202
246
203
246
204
247
205
248
206
249
205
250
204
250
203
249
202
249
201
248
200
248
199
247
198
247
197
247
196
246
195
246
194
246
193
246
192
246
191
246
190
246
189
247
188
247
187
247
186
247
185
248
184
248
183
248
182
249
181
250
180
250
179
251
178
251
177
252
176
253
175
254
174
254
173
255
172
256
171
257
171
258
170
259
169
260
168
261
168
262
167
263
166
264
166
265
165
266
164
267
164
268
163
269
162
270
162
271
161
272
160
273
160
274
159
275
158
275
157
274
156
274
155
273
154
273
153
272
152
272
151
271
150
270
149
270
148
269
147
268
147
267
147
266
148
265
148
264
149
263
149
262
150
261
151
260
151
259
152
258
152
257
153
256
154
255
155
254
155
253
156
252
157
251
158
250
159
249
160
248
161
247
162
246
163
245
164
244
165
244
166
243
167
242
168
242
169
241
170
241
171
240
172
240
173
240
174
239
175
239
****
270
214
271
213
272
213
273
213
274
213
275
213
276
213
277
213
278
213
279
213
280
213
281
213
282
213
283
213
284
213
285
213
286
213
287
213
288
213
289
213
290
213
291
213
292
213
293
213
294
213
295
213
296
213
297
213
298
213
299
213
300
213
301
213
302
213
303
213
304
213
305
213
306
213
307
213
308
213
309
213
310
213
311
213
312
213
313
213
314
213
315
213
316
213
317
213
318
213
319
213
320
213
321
213
322
213
323
213
324
213
325
213
326
213
327
213
328
213
329
213
330
213
331
213
332
213
333
213
334
213
335
213
336
213
337
213
338
213
339
213
340
213
341
213
342
213
343
213
344
213
345
213
346
213
347
213
348
213
349
213
350
213
351
213
352
213
353
213
354
213
355
213
356
213
357
213
358
213
359
213
360
213
361
213
362
213
363
213
364
213
365
213
366
213
367
213
368
213
369
213
370
213
371
213
372
213
373
213
374
213
375
213
376
213
377
213
378
213
379
213
380
213
381
213
382
213
383
213
384
213
385
213
386
213
387
213
388
213
389
213
390
213
391
213
392
213
393
213
394
213
395
213
396
213
397
213
398
213
399
213
400
213
401
213
402
213
403
213
404
213
405
213
406
213
407
213
408
213
409
213
410
213
411
213
412
213
413
213
414
213
415
213
416
213
417
213
418
213
419
213
420
213
421
213
422
213
423
213
424
213
425
213
426
213
427
213
428
213
429
213
430
213
431
213
432
213
433
213
434
213
435
213
436
213
437
213
438
213
439
213
440
213
441
213
442
213
443
213
444
213
445
213
446
213
447
213
448
213
449
213
450
213
451
213
452
213
453
213
454
213
455
213
456
213
457
213
458
213
459
213
460
213
461
213
462
213
463
213
464
213
465
213
466
213
467
213
468
213
469
213
470
213
471
213
472
213
473
213
474
213
475
213
476
213
477
213
478
213
479
213
480
213
481
213
482
213
483
213
484
213
485
213
486
213
487
213
488
213
489
213
490
213
491
213
492
213
493
213
494
213
495
213
496
213
497
213
498
213
499
213
500
213
501
213
502
213
503
213
504
213
505
213
506
213
507
213
508
213
509
213
510
214
511
215
512
216
513
217
513
218
514
219
515
220
515
221
515
222
514
223
513
223
512
223
511
223
510
223
509
223
508
223
507
223
506
223
505
223
504
223
503
223
502
223
501
223
501
224
501
225
501
226
501
227
501
228
501
229
501
230
501
231
501
232
501
233
501
234
501
235
501
236
501
237
501
238
501
239
501
240
501
241
501
242
501
243
501
244
501
245
501
246
501
247
501
248
501
249
501
250
501
251
501
252
501
253
501
254
501
255
501
256
501
257
501
258
501
259
501
260
501
261
501
262
501
263
501
264
501
265
501
266
501
267
501
268
501
269
501
270
501
271
501
272
501
273
501
274
501
275
501
276
501
277
501
278
501
279
501
280
501
281
501
282
501
283
501
284
501
285
501
286
500
287
499
287
498
286
497
286
496
285
495
285
494
284
493
284
492
283
491
282
491
281
491
280
491
279
491
278
491
277
491
276
491
275
491
274
491
273
491
272
491
271
491
270
491
269
491
268
491
267
491
266
491
265
491
264
491
263
491
262
491
261
491
260
491
259
491
258
491
257
491
256
491
255
491
254
491
253
491
252
491
251
491
250
491
249
491
248
491
247
491
246
491
245
491
244
491
243
491
242
491
241
491
240
491
239
491
238
491
237
491
236
491
235
491
234
491
233
491
232
491
231
491
230
491
229
491
228
491
227
491
226
491
225
491
224
491
223
490
223
489
223
488
223
487
223
486
223
485
223
484
223
483
223
482
223
481
223
480
223
479
223
478
223
477
223
477
224
477
225
477
226
477
227
477
228
477
229
477
230
477
231
477
232
477
233
477
234
477
235
477
236
477
237
477
238
477
239
477
240
477
241
477
242
477
243
477
244
477
245
477
246
477
247
477
248
477
249
477
250
477
251
477
252
477
253
477
254
477
255
477
256
477
257
477
258
477
259
477
260
477
261
477
262
477
263
477
264
477
265
477
266
477
267
477
268
477
269
477
270
477
271
477
272
477
273
477
274
477
275
477
276
477
277
477
278
477
279
477
280
477
281
477
282
477
283
477
284
477
285
477
286
476
287
475
287
474
286
473
286
472
286
471
285
470
284
469
284
468
283
467
282
467
281
467
280
467
279
467
278
467
277
467
276
467
275
467
274
467
273
467
272
467
271
467
270
467
269
467
268
467
267
467
266
467
265
467
264
467
263
467
262
467
261
467
260
466
260
465
261
464
262
463
263
462
264
461
265
460
266
459
266
458
267
457
268
456
268
455
269
454
269
453
270
452
270
451
271
450
271
449
271
448
272
447
272
446
272
445
272
444
272
443
273
442
273
441
273
440
273
439
272
438
272
437
272
436
272
435
271
434
271
433
270
432
269
431
268
430
267
429
266
428
265
427
264
427
263
426
262
425
262
424
263
423
264
422
265
421
265
420
266
419
267
418
268
417
268
416
269
415
269
414
270
413
270
412
271
411
271
410
271
409
272
408
272
407
272
406
272
405
272
404
273
403
273
402
273
401
273
400
272
399
272
398
272
397
272
396
271
395
271
394
270
393
269
392
268
391
267
390
266
389
265
388
264
387
263
387
262
386
261
385
260
385
259
385
258
384
257
384
256
384
255
383
254
383
253
383
252
383
251
383
250
384
249
384
248
384
247
384
246
384
245
385
244
385
243
385
242
386
241
386
240
387
239
387
238
388
237
388
236
389
235
389
234
390
233
390
232
391
231
392
230
393
229
393
228
394
227
395
226
396
225
396
224
397
223
396
223
395
223
394
223
393
223
392
223
391
223
390
223
389
223
388
223
387
223
386
223
385
223
384
223
383
223
382
223
381
223
380
223
379
223
378
223
377
223
376
223
375
223
375
224
375
225
375
226
375
227
375
228
375
229
375
230
375
231
375
232
375
233
375
234
375
235
375
236
375
237
375
238
375
239
375
240
375
241
375
242
375
243
375
244
375
245
375
246
375
247
375
248
375
249
375
250
375
251
375
252
375
253
375
254
375
255
375
256
375
257
375
258
375
259
375
260
375
261
375
262
375
263
375
264
375
265
375
266
375
267
375
268
375
269
375
270
375
271
375
272
375
273
375
274
375
275
375
276
375
277
375
278
375
279
375
280
375
281
375
282
375
283
375
284
375
285
375
286
375
287
375
288
375
289
375
290
375
291
375
292
375
293
375
294
375
295
375
296
375
297
375
298
375
299
375
300
375
301
375
302
375
303
375
304
375
305
375
306
375
307
375
308
375
309
375
310
375
311
375
312
375
313
375
314
375
315
375
316
375
317
375
318
375
319
375
320
375
321
375
322
375
323
375
324
375
325
375
326
375
327
375
328
375
329
375
330
375
331
375
332
375
333
375
334
375
335
375
336
375
337
375
338
376
338
377
338
378
339
379
339
380
340
381
340
382
341
383
341
384
342
385
343
386
343
387
344
388
345
387
346
386
346
385
345
384
345
383
344
382
344
381
344
380
344
379
344
378
344
377
344
376
344
375
344
374
344
373
345
372
345
371
345
370
346
369
346
368
347
367
348
366
348
365
349
364
350
363
351
362
352
361
353
361
354
360
355
359
356
358
357
358
358
357
359
356
360
356
361
355
362
355
363
354
364
353
365
352
365
351
364
350
364
349
363
348
363
347
362
346
362
345
361
344
360
344
359
344
358
345
357
345
356
346
355
346
354
347
353
348
352
348
351
349
350
350
349
351
348
352
347
353
346
354
345
355
344
356
343
357
342
358
341
359
340
360
340
361
339
362
339
363
338
364
338
365
338
366
337
367
337
368
337
369
337
370
337
371
337
370
337
369
336
368
336
367
335
366
334
365
333
364
332
364
331
364
330
364
329
364
328
364
327
364
326
364
325
364
324
364
323
364
322
364
321
364
320
364
319
364
318
364
317
364
316
364
315
364
314
364
313
364
312
364
311
364
310
364
309
364
308
364
307
364
306
364
305
364
304
364
303
364
302
364
301
364
300
364
299
364
298
364
297
364
296
364
295
364
294
364
293
364
292
364
291
364
290
364
289
364
288
364
287
364
286
364
285
364
284
364
283
364
282
364
281
364
280
364
279
364
278
364
277
364
276
364
275
364
274
364
273
364
272
364
271
364
270
364
269
364
268
364
267
364
266
364
265
364
264
364
263
364
262
364
261
364
260
364
259
364
258
364
257
364
256
364
255
364
254
364
253
364
252
364
251
364
250
364
249
364
248
364
247
364
246
364
245
364
244
364
243
364
242
364
241
364
240
364
239
364
238
364
237
364
236
364
235
364
234
364
233
364
232
364
231
364
230
364
229
364
228
364
227
364
226
364
225
364
224
364
223
363
223
362
223
361
223
360
223
359
223
358
223
357
223
356
223
355
223
354
223
353
223
352
223
351
223
350
224
350
225
350
226
350
227
350
228
350
229
350
230
350
231
350
232
350
233
350
234
350
235
350
236
350
237
350
238
350
239
351
240
351
241
351
242
351
243
351
244
351
245
351
246
351
247
351
248
351
249
351
250
351
251
351
252
351
253
351
254
351
255
351
256
351
257
351
258
351
259
350
260
350
261
350
262
350
263
350
264
350
265
350
266
350
267
350
268
350
269
350
270
350
271
350
272
350
273
350
274
350
275
350
276
350
277
350
278
350
279
351
280
351
281
351
282
351
283
351
284
351
285
351
286
350
287
349
287
348
287
347
286
346
286
345
285
344
285
343
284
342
283
341
282
340
281
340
280
340
279
340
278
340
277
340
276
340
275
340
274
340
273
340
272
340
271
340
270
340
269
340
268
340
267
340
266
340
265
340
264
340
263
340
262
340
261
339
262
339
263
338
264
337
265
336
266
335
267
334
268
333
269
332
270
331
271
330
272
329
273
328
273
327
274
326
275
325
276
324
276
323
277
322
278
321
278
320
279
319
279
318
280
317
280
316
281
315
281
314
282
313
282
312
282
311
283
310
283
309
284
308
284
307
284
306
284
305
284
304
284
303
285
302
285
301
285
300
285
299
284
298
284
297
284
296
284
295
284
294
283
293
282
292
282
291
281
290
280
289
279
289
278
288
277
287
276
286
275
286
274
285
273
284
272
284
271
283
270
283
269
283
268
282
267
282
266
282
265
282
264
282
263
282
262
282
261
283
260
283
259
283
258
284
257
284
256
284
255
285
254
285
253
286
252
287
251
287
250
288
249
289
248
289
247
290
246
291
245
292
244
293
243
294
242
293
242
292
241
291
241
290
240
289
239
288
238
287
237
286
236
285
235
285
234
284
233
285
232
286
232
287
232
288
232
289
233
290
233
291
233
292
233
293
234
294
234
295
234
296
234
297
235
298
235
299
235
300
236
301
235
302
235
303
234
304
233
305
233
306
232
307
232
308
231
309
231
310
230
311
230
312
229
313
229
314
228
315
228
316
228
317
228
318
227
319
227
320
227
321
227
322
227
323
227
324
227
325
227
326
227
327
228
328
228
329
228
330
229
331
230
332
230
333
231
334
232
335
233
336
234
337
235
337
236
338
237
339
238
339
239
338
240
337
239
336
238
335
238
334
237
333
237
332
237
331
237
330
237
329
237
328
237
327
237
326
237
325
237
324
237
323
237
322
238
321
238
320
238
319
239
318
239
317
239
316
240
315
240
314
241
313
242
312
242
313
242
314
243
315
244
316
244
317
245
318
246
319
247
320
247
321
248
322
249
323
250
324
251
325
252
326
253
327
254
328
255
329
256
330
256
330
255
331
254
332
253
333
252
334
251
334
250
335
249
335
248
336
247
337
246
337
245
338
244
338
243
339
242
339
241
340
240
340
239
340
238
340
237
340
236
340
235
340
234
340
233
340
232
340
231
340
230
340
229
340
228
340
227
340
226
340
225
340
224
340
223
339
223
338
223
337
223
336
223
335
223
334
223
333
223
332
223
331
223
330
223
329
223
328
223
327
223
326
223
325
223
324
223
323
223
322
223
321
223
320
223
319
223
318
223
317
223
316
223
315
223
314
223
313
223
312
223
311
223
310
223
309
223
308
223
307
223
306
223
305
223
304
223
303
223
302
223
301
223
300
223
299
223
298
223
297
223
296
223
295
223
294
223
293
223
292
223
291
223
290
223
289
223
288
223
287
223
286
223
285
223
284
223
283
223
282
223
281
223
280
223
279
223
278
223
277
223
276
223
275
222
274
221
273
220
273
219
272
218
271
217
270
216
270
215
****
306
246
305
247
304
248
303
249
302
250
301
251
300
252
299
253
298
254
297
255
297
256
296
257
295
258
295
259
294
260
293
261
293
262
292
263
292
264
292
265
291
266
291
267
290
268
290
269
290
270
290
271
290
272
290
273
290
274
291
275
292
275
293
275
294
275
295
275
296
275
297
275
298
275
299
275
300
274
301
274
302
274
303
274
304
273
305
273
306
273
307
272
308
272
309
271
310
271
311
270
312
270
313
269
314
269
315
268
316
268
317
267
318
266
319
266
320
265
321
264
322
263
323
263
324
262
325
261
326
260
327
259
327
258
326
257
325
256
324
255
323
255
322
254
321
253
320
252
319
252
318
251
317
251
316
250
315
250
314
249
313
248
312
248
311
248
310
247
309
247
308
246
307
246
****
455
223
454
224
453
225
452
225
451
226
450
227
449
227
448
228
447
229
446
230
445
231
444
232
443
233
442
234
441
235
441
236
440
237
439
238
438
239
438
240
437
241
436
242
436
243
435
244
435
245
436
246
437
247
436
248
436
249
435
250
434
251
434
252
433
253
432
254
431
255
431
256
431
257
431
258
431
259
430
260
430
261
430
262
431
262
432
263
433
263
434
263
435
263
436
263
437
263
438
263
439
263
440
262
441
262
442
262
443
262
444
261
445
261
446
260
447
260
448
259
449
259
450
258
451
258
452
257
453
256
454
255
455
255
456
254
457
253
458
252
459
251
460
250
461
249
461
248
462
247
463
246
464
245
465
244
465
243
466
242
467
241
467
240
467
239
467
238
467
237
467
236
467
235
467
234
467
233
467
232
467
231
467
230
467
229
467
228
467
227
467
226
467
225
467
224
467
223
466
223
465
223
464
223
463
223
462
223
461
223
460
223
459
223
458
223
457
223
456
223
****
416
223
415
224
414
225
413
225
412
226
411
226
410
227
409
228
408
229
407
230
406
231
405
232
404
233
403
234
402
235
401
236
401
237
400
238
399
239
399
240
398
241
397
242
397
243
396
244
396
245
395
246
395
247
394
248
394
249
393
250
393
251
393
252
392
253
392
254
392
255
392
256
391
257
391
258
391
259
391
260
391
261
391
262
392
263
393
263
394
263
395
263
396
263
397
263
398
263
399
263
400
263
401
262
402
262
403
262
404
261
405
261
406
261
407
260
408
260
409
259
410
259
411
258
412
257
413
257
414
256
415
255
416
254
417
254
418
253
419
252
419
251
420
250
421
250
421
249
422
248
423
247
423
246
424
245
424
244
424
243
425
242
425
241
425
240
426
239
426
238
427
237
427
236
428
235
429
234
429
233
430
232
430
231
431
230
432
229
432
228
433
227
434
226
435
225
436
224
436
223
435
223
434
223
433
223
432
223
431
223
430
223
429
223
428
223
427
223
426
223
425
223
424
223
423
223
422
223
421
223
420
223
419
223
418
223
417
223
****
33
101
34
100
35
100
36
100
37
100
38
100
39
100
40
100
41
100
42
100
43
100
44
100
45
101
46
101
47
101
48
101
49
102
50
102
51
103
52
103
53
104
54
105
55
105
56
106
57
107
58
108
59
109
60
110
61
111
62
112
63
113
63
114
64
115
65
116
66
117
66
118
67
119
68
120
68
121
69
122
70
123
70
124
71
125
71
126
72
127
72
128
73
129
73
130
74
131
74
132
74
133
75
134
75
135
75
136
75
137
76
138
76
139
76
140
76
141
76
142
77
143
77
144
77
145
77
146
77
147
77
148
77
149
77
150
77
151
77
152
78
153
78
154
78
155
78
156
78
157
77
158
77
159
77
160
77
161
77
162
77
163
77
164
77
165
76
166
76
167
76
168
76
169
75
170
75
171
75
172
74
173
74
174
73
175
72
176
72
177
71
178
71
179
70
180
69
181
68
182
67
183
66
184
65
185
64
186
63
187
62
187
61
188
60
188
59
189
58
189
57
189
56
190
55
190
54
190
53
190
52
190
51
190
50
190
49
190
48
189
47
189
46
188
45
187
44
186
43
185
42
184
41
183
40
182
40
181
39
180
38
179
38
178
37
177
36
176
36
175
35
174
35
173
35
172
35
171
35
170
35
169
35
168
35
167
35
166
35
165
36
164
36
163
36
162
37
161
38
160
38
159
39
158
39
157
40
156
41
155
42
154
43
153
44
152
45
151
46
150
47
150
48
149
49
148
50
148
51
147
52
147
53
146
54
146
55
146
56
145
57
145
58
145
59
145
60
145
61
144
62
144
63
144
64
144
65
144
66
145
67
146
68
146
68
145
68
144
68
143
68
142
68
141
67
140
67
139
67
138
67
137
67
136
67
135
67
134
67
133
67
132
66
131
66
130
66
129
66
128
66
127
65
126
65
125
65
124
64
123
64
122
64
121
63
120
63
119
63
118
62
117
61
116
60
115
59
115
58
115
57
114
56
114
55
113
54
113
53
113
52
113
51
112
50
112
49
112
48
112
47
112
46
112
45
112
44
112
43
112
42
113
41
113
40
113
39
114
38
114
37
115
36
115
35
116
34
117
34
118
33
119
33
120
32
121
31
121
30
120
29
119
28
118
27
117
26
116
26
115
25
114
24
113
24
112
23
111
23
110
23
109
23
108
24
107
24
106
25
105
26
104
27
103
28
102
29
102
30
101
31
101
32
101
****
63
158
62
159
61
159
60
160
59
160
58
160
57
161
56
162
55
163
54
163
53
164
52
165
51
166
50
167
49
168
49
169
48
170
47
171
47
172
46
173
46
174
45
175
45
176
45
177
45
178
46
178
47
178
48
177
49
177
50
177
51
176
52
176
53
175
54
175
55
174
56
173
57
172
58
171
59
170
60
169
61
168
61
167
62
166
63
165
63
164
64
163
64
162
65
161
65
160
65
159
66
158
65
158
64
158
****
309
41
310
40
311
40
312
40
313
40
314
40
315
40
316
40
317
40
318
40
319
40
320
40
321
40
322
40
323
40
324
41
325
41
326
41
327
41
328
42
329
42
330
42
331
43
332
43
333
44
334
44
335
45
336
46
337
46
338
47
339
48
340
49
341
50
342
51
343
52
344
53
345
54
346
55
347
56
348
57
349
58
350
59
351
59
352
60
353
61
354
61
355
62
356
62
357
62
358
62
359
62
360
62
361
62
362
62
363
62
364
62
365
61
366
60
367
60
368
59
369
58
370
57
371
56
371
55
372
54
373
53
373
52
374
51
375
50
376
49
377
48
378
47
379
46
380
45
381
44
382
44
383
43
384
43
385
43
386
43
387
43
388
43
389
43
390
43
391
44
392
44
393
44
394
45
395
46
396
46
397
47
398
48
399
49
400
50
401
51
402
52
403
53
403
54
404
55
405
56
405
57
406
58
407
59
407
60
408
61
408
62
409
63
409
64
409
65
409
66
409
67
409
68
410
69
409
70
409
71
409
72
409
73
408
74
408
75
407
76
407
77
406
78
405
79
404
80
403
81
402
81
401
82
400
83
399
83
398
83
397
84
396
84
395
84
394
85
393
85
392
85
391
85
390
86
389
86
388
86
387
86
386
86
385
86
384
87
383
87
382
87
381
87
380
88
379
88
378
88
377
89
376
89
375
90
374
90
373
91
372
92
372
93
371
94
370
95
370
96
370
97
369
98
369
99
369
100
369
101
369
102
370
103
371
103
372
103
373
103
374
103
375
103
376
102
377
102
378
102
379
101
380
101
381
100
382
99
383
99
383
98
384
97
385
96
385
95
386
94
387
94
388
95
389
96
390
97
391
98
392
99
392
100
393
101
394
102
395
103
395
104
395
105
396
106
397
107
398
108
399
109
399
110
400
111
401
112
402
113
402
114
403
115
403
116
402
117
401
117
400
117
399
117
398
117
397
117
396
117
395
117
394
117
393
117
392
117
391
117
390
117
389
117
388
117
387
117
386
117
385
117
384
117
384
118
384
119
384
120
384
121
384
122
384
123
384
124
384
125
384
126
384
127
384
128
384
129
384
130
384
131
384
132
384
133
384
134
384
135
384
136
384
137
384
138
384
139
384
140
384
141
384
142
384
143
384
144
384
145
384
146
384
147
384
148
384
149
384
150
384
151
384
152
384
153
384
154
384
155
384
156
384
157
384
158
384
159
384
160
384
161
384
162
384
163
384
164
384
165
384
166
384
167
384
168
384
169
384
170
384
171
384
172
384
173
384
174
384
175
384
176
384
177
384
178
384
179
384
180
384
181
384
182
384
183
384
184
384
185
384
186
384
187
384
188
384
189
384
190
384
191
384
192
384
193
384
194
384
195
384
196
384
197
384
198
384
199
384
200
384
201
384
202
383
203
382
202
381
202
380
201
379
201
378
200
377
200
376
199
375
199
374
198
373
197
372
196
371
195
371
194
371
193
371
192
371
191
371
190
371
189
371
188
371
187
371
186
371
185
371
184
371
183
371
182
371
181
371
180
371
179
371
178
371
177
371
176
371
175
371
174
371
173
371
172
371
171
371
170
371
169
371
168
371
167
371
166
371
165
371
164
371
163
371
162
371
161
371
160
371
159
371
158
371
157
371
156
371
155
371
154
371
153
371
152
371
151
371
150
371
149
371
148
371
147
371
146
371
145
371
144
371
143
371
142
371
141
371
140
371
139
371
138
371
137
371
136
371
135
371
134
371
133
371
132
371
131
371
130
371
129
371
128
371
127
371
126
371
125
371
124
371
123
371
122
371
121
371
120
371
119
371
118
371
117
370
117
369
117
368
117
367
117
366
117
365
117
364
117
363
117
362
117
361
117
360
117
359
117
358
117
357
117
356
117
355
117
354
117
353
117
352
117
352
118
352
119
352
120
352
121
352
122
352
123
352
124
352
125
352
126
352
127
352
128
352
129
352
130
352
131
352
132
352
133
352
134
352
135
352
136
352
137
352
138
352
139
352
140
352
141
352
142
352
143
352
144
352
145
352
146
352
147
352
148
352
149
352
150
352
151
352
152
352
153
352
154
352
155
352
156
352
157
352
158
352
159
352
160
352
161
352
162
352
163
352
164
352
165
352
166
352
167
352
168
352
169
352
170
352
171
352
172
352
173
352
174
352
175
352
176
352
177
352
178
352
179
352
180
352
181
352
182
352
183
352
184
352
185
352
186
352
187
352
188
352
189
352
190
352
191
352
192
352
193
352
194
352
195
352
196
352
197
352
198
352
199
352
200
352
201
352
202
351
203
350
202
349
202
348
201
347
201
346
200
345
200
344
199
343
198
342
198
341
197
340
196
339
195
339
194
339
193
339
192
339
191
339
190
339
189
339
188
339
187
339
186
339
185
339
184
339
183
339
182
339
181
339
180
339
179
339
178
339
177
339
176
339
175
339
174
339
173
339
172
339
171
339
170
339
169
339
168
339
167
339
166
339
165
339
164
339
163
339
162
339
161
339
160
339
159
339
158
339
157
339
156
339
155
339
154
339
153
339
152
339
151
339
150
339
149
339
148
339
147
339
146
339
145
339
144
339
143
338
143
337
143
336
143
335
143
334
143
333
143
332
144
331
144
330
144
329
144
328
144
327
144
326
144
325
144
324
144
323
145
322
145
321
145
320
145
319
146
318
146
317
146
316
147
315
147
314
148
313
148
312
149
311
150
310
151
309
151
309
152
308
153
307
154
306
155
306
156
305
157
305
158
305
159
304
160
304
161
304
162
304
163
304
164
304
165
304
166
304
167
304
168
304
169
304
170
304
171
304
172
305
173
305
174
305
175
306
176
306
177
306
178
307
179
307
180
308
181
309
182
309
183
310
184
311
185
312
186
313
187
314
188
315
189
316
190
316
191
317
192
318
193
319
194
320
195
320
196
321
197
321
198
320
199
319
198
318
197
317
196
316
195
316
194
315
193
314
192
313
191
312
190
311
189
310
188
309
187
308
186
308
185
307
184
306
183
305
182
304
181
304
180
303
179
302
178
302
177
301
176
300
175
300
174
299
173
299
172
298
171
298
170
297
169
297
168
296
167
296
166
296
165
295
164
295
163
295
162
294
161
294
160
294
159
294
158
294
157
294
156
294
155
294
154
294
153
294
152
294
151
294
150
294
149
295
148
295
147
295
146
296
145
296
144
297
143
298
142
299
141
299
140
300
139
301
139
302
138
303
137
304
136
305
136
306
135
307
135
308
134
309
134
310
133
311
133
312
133
313
133
314
132
315
132
316
132
317
132
318
132
319
132
320
131
321
131
322
131
323
131
324
131
325
131
326
131
327
131
328
131
329
131
330
131
331
130
332
130
333
130
334
130
335
130
336
130
337
130
338
129
339
129
339
128
339
127
339
126
339
125
339
124
339
123
339
122
339
121
339
120
339
119
339
118
339
117
338
117
337
117
336
117
335
117
334
117
333
117
332
117
331
117
330
117
329
117
328
117
327
117
326
117
325
117
324
117
323
117
322
117
321
117
320
117
319
117
318
117
317
117
316
117
315
117
314
117
313
117
312
117
311
117
310
117
309
117
308
117
307
117
306
117
305
117
304
117
303
117
302
117
301
117
300
117
299
117
298
117
297
117
296
117
295
117
294
117
293
117
292
117
291
117
290
117
289
117
288
117
287
117
286
117
285
117
284
117
283
117
282
117
281
117
280
117
279
117
278
117
277
117
276
117
276
118
276
119
276
120
276
121
276
122
276
123
276
124
276
125
276
126
276
127
276
128
276
129
276
130
276
131
276
132
276
133
276
134
276
135
276
136
276
137
276
138
276
139
276
140
276
141
276
142
276
143
276
144
276
145
276
146
276
147
276
148
276
149
276
150
276
151
276
152
276
153
276
154
276
155
276
156
276
157
276
158
276
159
276
160
276
161
276
162
276
163
276
164
276
165
276
166
276
167
276
168
276
169
276
170
276
171
276
172
276
173
276
174
276
175
276
176
276
177
276
178
276
179
276
180
276
181
276
182
276
183
276
184
276
185
276
186
276
187
276
188
276
189
276
190
276
191
276
192
276
193
276
194
276
195
276
196
276
197
276
198
276
199
276
200
276
201
276
202
275
203
274
202
273
202
272
201
271
201
270
200
269
200
268
199
267
199
266
198
265
197
264
196
263
195
263
194
263
193
263
192
263
191
263
190
263
189
263
188
263
187
263
186
263
185
263
184
263
183
263
182
263
181
263
180
263
179
263
178
263
177
263
176
263
175
263
174
263
173
263
172
263
171
263
170
263
169
263
168
263
167
263
166
263
165
262
166
261
167
260
168
259
169
258
170
257
171
256
172
255
172
254
173
253
174
252
175
251
175
250
176
249
177
248
177
247
178
246
178
245
179
244
179
243
180
242
180
241
181
240
181
239
181
238
182
237
182
236
182
235
182
234
183
233
183
232
183
231
183
230
183
229
183
228
183
227
183
226
183
225
182
224
182
223
182
222
182
221
181
220
181
219
180
218
180
217
179
216
178
215
177
214
176
213
175
212
174
212
173
211
172
210
171
209
170
209
169
208
168
207
167
207
166
206
165
206
164
205
163
205
162
205
161
205
160
204
159
204
158
204
157
204
156
204
155
204
154
204
153
205
152
205
151
205
150
205
149
205
148
205
147
206
146
206
145
206
144
207
143
207
142
207
141
208
140
208
139
209
138
209
137
210
136
210
135
211
134
211
133
212
132
213
131
213
130
214
129
214
128
215
127
216
126
217
125
217
124
218
123
219
122
220
121
220
120
221
119
222
118
223
117
222
117
221
117
220
117
219
117
218
117
217
117
216
117
215
117
214
117
213
117
212
117
211
117
210
117
209
117
208
117
207
117
206
117
205
117
204
117
203
117
202
117
201
117
200
117
199
117
198
117
197
117
196
117
195
117
194
117
193
117
192
117
192
118
192
119
192
120
192
121
192
122
192
123
192
124
192
125
192
126
192
127
192
128
192
129
192
130
192
131
192
132
192
133
192
134
192
135
192
136
192
137
192
138
192
139
192
140
192
141
192
142
192
143
192
144
192
145
192
146
192
147
192
148
192
149
192
150
192
151
192
152
192
153
192
154
192
155
192
156
192
157
192
158
192
159
192
160
192
161
192
162
192
163
192
164
192
165
192
166
192
167
192
168
192
169
192
170
192
171
192
172
192
173
192
174
192
175
192
176
192
177
192
178
192
179
192
180
192
181
192
182
192
183
192
184
192
185
192
186
192
187
192
188
192
189
192
190
192
191
192
192
192
193
192
194
192
195
192
196
192
197
192
198
192
199
192
200
192
201
192
202
192
203
192
204
192
205
192
206
192
207
192
208
192
209
192
210
192
211
192
212
192
213
192
214
192
215
192
216
192
217
192
218
192
219
192
220
192
221
192
222
192
223
192
224
192
225
192
226
192
227
192
228
192
229
192
230
192
231
192
232
192
233
192
234
192
235
191
236
190
236
189
236
188
235
187
234
186
234
185
233
184
233
183
232
182
232
181
231
180
230
179
229
179
228
179
227
179
226
179
225
179
224
179
223
179
222
179
221
179
220
179
219
179
218
179
217
179
216
179
215
179
214
179
213
179
212
179
211
179
210
179
209
179
208
179
207
179
206
179
205
179
204
179
203
179
202
179
201
179
200
179
199
179
198
179
197
179
196
179
195
179
194
179
193
179
192
179
191
179
190
179
189
179
188
179
187
179
186
179
185
179
184
179
183
179
182
179
181
179
180
179
179
179
178
179
177
179
176
179
175
179
174
179
173
179
172
179
171
179
170
179
169
179
168
179
167
179
166
179
165
179
164
179
163
179
162
179
161
179
160
179
159
179
158
179
157
179
156
179
155
179
154
179
153
179
152
179
151
179
150
179
149
179
148
179
147
179
146
179
145
179
144
179
143
179
142
179
141
179
140
179
139
179
138
179
137
179
136
179
135
179
134
179
133
179
132
179
131
179
130
179
129
179
128
179
127
179
126
179
125
179
124
179
123
179
122
179
121
179
120
179
119
179
118
179
117
178
117
177
117
176
117
175
117
174
117
173
117
172
117
171
117
170
117
169
117
168
117
167
117
166
117
165
117
164
117
163
117
162
117
161
117
160
117
159
117
158
117
157
117
156
117
155
117
154
117
153
117
152
117
151
117
150
117
151
118
151
119
151
120
152
121
153
122
153
123
154
124
155
125
155
126
156
127
156
128
157
129
157
130
158
131
158
132
159
133
159
134
160
135
160
136
160
137
161
138
161
139
161
140
162
141
162
142
162
143
162
144
163
145
163
146
163
147
163
148
163
149
163
150
163
151
164
152
164
153
164
154
164
155
164
156
164
157
164
158
164
159
164
160
163
161
163
162
163
163
163
164
163
165
163
166
162
167
162
168
162
169
162
170
162
171
161
172
161
173
160
174
160
175
160
176
159
177
158
178
158
179
157
180
156
181
155
182
154
183
153
183
152
184
151
184
150
185
149
185
148
185
147
185
146
185
145
185
144
185
143
185
142
184
141
183
140
183
139
182
138
181
137
180
136
179
135
178
134
177
134
176
133
175
132
174
131
173
130
172
130
171
129
170
129
169
128
168
127
167
127
166
126
165
126
164
126
163
125
162
125
161
125
160
124
159
124
158
124
157
123
156
123
155
123
154
123
153
123
152
123
151
123
150
123
149
123
148
123
147
123
146
123
145
123
144
123
143
123
142
123
141
123
140
123
139
123
138
123
137
124
136
124
135
124
134
124
133
125
132
125
131
125
130
125
129
126
128
126
127
126
126
127
125
127
124
128
123
128
122
129
121
129
120
130
119
130
118
131
117
130
117
129
117
128
117
127
117
126
117
125
117
124
117
123
117
122
117
121
117
120
117
119
117
118
117
117
117
116
117
115
117
114
117
113
117
112
117
111
117
110
117
109
117
108
117
107
117
106
117
105
117
104
117
104
118
104
119
104
120
104
121
104
122
104
123
104
124
104
125
104
126
104
127
104
128
104
129
104
130
104
131
104
132
104
133
104
134
104
135
104
136
104
137
104
138
104
139
104
140
104
141
104
142
104
143
104
144
104
145
104
146
104
147
104
148
104
149
104
150
104
151
104
152
104
153
104
154
104
155
104
156
104
157
104
158
104
159
104
160
104
161
104
162
104
163
104
164
104
165
104
166
104
167
104
168
104
169
104
170
104
171
104
172
104
173
104
174
104
175
104
176
104
177
104
178
104
179
104
180
104
181
104
182
104
183
104
184
104
185
104
186
104
187
104
188
104
189
104
190
104
191
104
192
104
193
104
194
104
195
104
196
104
197
104
198
104
199
104
200
104
201
104
202
104
203
104
204
104
205
104
206
104
207
104
208
104
209
104
210
104
211
104
212
104
213
104
214
104
215
104
216
104
217
104
218
104
219
104
220
104
221
104
222
104
223
104
224
104
225
104
226
104
227
104
228
104
229
104
230
104
231
104
232
104
233
104
234
104
235
104
236
104
237
104
238
104
239
104
240
104
241
104
242
104
243
104
244
104
245
104
246
104
247
104
248
104
249
104
250
104
251
104
252
104
253
104
254
104
255
104
256
104
257
104
258
104
259
104
260
104
261
104
262
104
263
104
264
104
265
104
266
104
267
104
268
104
269
104
270
104
271
104
272
104
273
104
274
104
275
104
276
104
277
104
278
104
279
104
280
104
281
104
282
104
283
104
284
104
285
104
286
104
287
104
288
104
289
104
290
104
291
104
292
104
293
104
294
104
295
104
296
104
297
104
298
104
299
104
300
104
301
104
302
105
303
105
304
105
305
105
306
105
307
105
308
105
309
105
310
105
311
106
312
106
313
106
314
106
315
106
316
106
317
106
318
107
319
107
320
107
321
107
322
108
323
108
324
108
325
108
326
109
327
109
328
109
329
110
330
110
331
110
332
111
333
111
334
111
335
112
336
112
337
113
338
113
339
113
340
114
341
114
342
115
343
115
344
116
345
116
346
117
347
117
348
118
349
119
350
119
351
120
352
120
353
121
354
121
355
122
356
123
357
123
358
124
359
125
360
125
361
126
362
127
363
128
364
129
364
130
363
131
363
132
363
133
362
134
362
135
361
136
361
137
360
138
360
139
359
140
359
141
358
142
358
143
357
144
357
145
356
146
356
147
355
148
355
149
354
150
353
151
353
152
352
153
352
154
351
155
350
156
350
157
349
158
349
159
348
160
347
161
347
162
346
163
345
164
345
165
344
166
343
167
343
168
342
169
341
170
340
171
340
172
339
173
338
174
338
175
337
176
336
177
335
178
334
179
334
180
333
181
332
181
331
180
330
180
329
180
328
180
327
180
326
180
325
181
324
181
323
181
322
181
321
181
320
181
319
181
318
182
317
182
316
182
315
182
314
182
313
183
312
183
311
183
310
184
309
184
308
184
307
185
306
185
305
186
304
186
303
186
302
187
301
187
300
188
299
189
298
189
297
190
296
191
295
191
294
192
293
193
292
193
291
194
290
195
289
196
288
197
287
198
286
199
285
200
284
201
283
202
282
203
281
204
280
205
279
206
278
207
278
208
277
209
276
210
275
211
275
212
274
213
274
214
273
215
272
216
272
217
271
218
271
219
270
220
270
221
270
222
269
223
269
224
268
225
268
226
268
227
267
228
267
229
267
230
267
231
266
232
266
233
266
234
266
235
266
236
265
237
265
238
265
239
265
240
265
241
265
242
265
243
265
244
265
245
265
246
265
247
265
248
265
249
265
250
265
251
265
252
265
253
265
254
265
255
266
256
266
257
266
258
266
259
266
260
267
261
267
262
267
263
268
264
268
265
268
266
269
267
269
268
270
269
270
270
270
271
271
272
271
273
272
274
272
275
273
276
273
277
274
278
274
279
275
280
275
281
276
282
277
283
277
284
278
285
278
286
279
287
280
288
280
289
281
290
282
291
283
292
283
293
284
294
285
295
286
296
287
297
288
298
288
299
289
300
290
301
291
302
292
303
293
304
294
304
295
305
296
306
297
307
298
307
299
308
300
309
301
309
302
310
303
311
304
311
305
312
306
312
307
313
308
313
309
314
310
314
311
315
312
315
313
316
314
316
315
316
316
317
317
317
318
317
319
318
320
318
321
318
322
318
323
319
324
319
325
319
326
319
327
319
328
319
329
319
330
320
331
320
332
320
333
320
334
320
335
320
336
320
337
320
338
319
339
319
340
319
341
319
342
319
343
319
344
319
345
319
346
319
347
318
348
318
349
318
350
318
351
317
352
317
353
317
354
317
355
316
356
316
357
316
358
315
359
315
360
314
361
314
362
314
363
313
364
313
365
312
366
312
367
311
368
310
369
310
370
309
371
309
372
308
373
307
374
307
375
306
376
305
377
304
378
304
379
303
380
302
381
301
382
300
383
299
384
298
385
297
386
296
387
295
388
294
389
293
390
292
391
291
392
290
392
289
393
288
394
287
395
286
395
285
396
284
397
283
397
282
398
281
399
280
399
279
400
278
401
277
401
276
402
275
402
274
403
273
403
272
404
271
404
270
405
269
405
268
405
267
406
266
406
265
407
264
407
263
407
262
408
261
408
260
408
259
409
258
409
257
409
256
409
255
410
254
410
253
410
252
410
251
411
250
411
249
411
248
411
247
412
246
412
245
412
244
412
243
412
242
412
241
412
240
413
239
413
238
413
237
413
236
413
235
413
234
413
233
413
232
413
231
413
230
414
229
414
228
414
227
414
226
414
225
414
224
414
223
414
222
414
221
414
220
413
219
413
218
413
217
413
216
413
215
413
214
413
213
413
212
413
211
413
210
413
209
412
208
412
207
412
206
412
205
412
204
412
203
412
202
411
201
411
200
411
199
411
198
411
197
410
196
410
195
410
194
410
193
409
192
409
191
409
190
408
189
408
188
408
187
408
186
407
185
407
184
407
183
406
182
406
181
405
180
405
179
405
178
404
177
404
176
404
175
403
174
403
173
402
172
402
171
401
170
401
169
400
168
400
167
399
166
399
165
399
164
398
163
398
162
397
161
396
160
396
159
395
158
395
157
394
156
394
155
393
154
392
153
392
152
391
151
391
150
390
149
389
148
389
147
388
146
387
145
387
144
386
143
385
142
384
141
384
140
383
139
382
138
382
137
381
136
380
135
379
134
378
133
377
132
376
131
376
130
376
129
376
128
377
127
377
126
377
125
378
124
378
123
378
122
378
121
379
120
379
119
379
118
379
117
380
116
380
115
380
114
380
113
380
112
380
111
381
110
381
109
381
108
381
107
381
106
381
105
381
104
381
103
381
102
381
101
382
100
382
99
382
98
382
97
382
96
382
95
382
94
382
93
382
92
382
91
381
90
381
89
381
88
381
87
381
86
381
85
381
84
381
83
381
82
381
81
380
80
380
79
380
78
380
77
380
76
379
75
379
74
379
73
379
72
379
71
378
70
378
69
378
68
378
67
377
66
377
65
377
64
376
63
376
62
376
61
376
60
375
59
375
58
374
57
374
56
374
55
373
54
373
53
372
52
372
51
372
50
371
49
371
48
370
47
370
46
369
45
369
44
368
43
368
42
367
41
367
40
366
39
366
38
365
37
365
36
364
35
364
34
363
33
363
32
362
31
361
30
361
29
360
28
360
27
359
26
358
25
358
24
357
23
357
22
356
21
355
22
354
23
354
24
354
25
355
26
356
27
356
28
357
29
357
30
358
31
358
32
359
33
360
34
360
35
361
36
361
37
362
38
362
39
363
40
363
41
364
42
364
43
364
44
365
45
365
46
366
47
366
48
366
49
367
50
367
51
368
52
368
53
368
54
368
55
369
56
369
57
369
58
370
59
370
60
370
61
370
62
371
63
371
64
371
65
371
66
371
67
371
68
372
69
372
70
372
71
372
72
372
73
373
74
373
75
373
76
373
77
373
78
373
79
373
80
373
81
373
82
373
83
373
84
373
85
373
86
373
87
373
88
373
89
373
90
373
91
373
92
373
93
373
94
373
95
373
96
373
97
373
98
372
99
372
100
372
101
372
102
372
103
371
104
371
105
371
106
371
107
371
108
371
109
370
110
370
111
370
112
370
113
369
114
369
115
369
116
368
117
368
118
368
119
367
120
367
121
367
121
366
121
365
120
364
119
363
118
362
117
361
116
360
116
359
115
358
114
357
113
356
113
355
112
354
111
353
111
352
110
351
109
350
109
349
108
348
107
347
107
346
106
345
106
344
105
343
105
342
104
341
103
340
103
339
102
338
102
337
101
336
101
335
101
334
100
333
100
332
99
331
99
330
99
329
98
328
98
327
97
326
97
325
97
324
96
323
96
322
96
321
95
320
95
319
95
318
94
317
94
316
94
315
94
314
94
313
93
312
93
311
93
310
93
309
92
308
92
307
92
306
92
305
92
304
92
303
92
302
92
301
92
300
92
299
91
298
91
297
91
296
91
295
91
294
91
293
91
292
91
291
91
290
91
289
91
288
91
287
91
286
91
285
91
284
91
283
91
282
91
281
91
280
91
279
91
278
91
277
91
276
91
275
91
274
91
273
91
272
91
271
91
270
91
269
91
268
91
267
91
266
91
265
91
264
91
263
91
262
91
261
91
260
91
259
91
258
91
257
91
256
91
255
91
254
91
253
91
252
91
251
91
250
91
249
91
248
91
247
91
246
91
245
91
244
91
243
91
242
91
241
91
240
91
239
91
238
91
237
91
236
91
235
91
234
91
233
91
232
91
231
91
230
91
229
91
228
91
227
91
226
91
225
91
224
91
223
91
222
91
221
91
220
91
219
91
218
91
217
91
216
91
215
91
214
91
213
91
212
91
211
91
210
91
209
91
208
91
207
91
206
91
205
91
204
91
203
91
202
91
201
91
200
91
199
91
198
91
197
91
196
91
195
91
194
91
193
91
192
91
191
91
190
91
189
91
188
91
187
91
186
91
185
91
184
91
183
91
182
91
181
91
180
91
179
91
178
91
177
91
176
91
175
91
174
91
173
91
172
91
171
91
170
91
169
91
168
91
167
91
166
91
165
91
164
91
163
91
162
91
161
91
160
91
159
91
158
91
157
91
156
91
155
91
154
91
153
91
152
91
151
91
150
91
149
91
148
91
147
91
146
91
145
91
144
91
143
91
142
91
141
91
140
91
139
91
138
91
137
91
136
91
135
91
134
91
133
91
132
91
131
91
130
91
129
91
128
91
127
91
126
91
125
91
124
91
123
91
122
91
121
91
120
91
119
91
118
91
117
90
117
89
117
88
117
87
117
86
117
85
117
84
117
83
117
82
117
81
117
80
117
79
117
78
117
77
117
76
117
75
117
74
117
73
117
72
117
71
117
70
117
69
117
68
117
67
117
66
117
65
116
64
115
63
114
63
113
62
112
61
111
60
110
59
109
59
108
58
107
58
106
59
105
60
105
61
105
62
105
63
105
64
105
65
105
66
105
67
105
68
105
69
105
70
105
71
105
72
105
73
105
74
105
75
105
76
105
77
105
78
105
79
105
80
105
81
105
82
105
83
105
84
105
85
105
86
105
87
105
88
105
89
105
90
105
91
105
92
105
93
105
94
105
95
105
96
105
97
105
98
105
99
105
100
105
101
105
102
105
103
105
104
105
105
105
106
105
107
105
108
105
109
105
110
105
111
105
112
105
113
105
114
105
115
105
116
105
117
105
118
105
119
105
120
105
121
105
122
105
123
105
124
105
125
105
126
105
127
105
128
105
129
105
130
105
131
105
132
105
133
105
134
105
135
105
136
105
137
105
138
105
139
105
140
105
141
105
142
105
143
105
144
105
145
105
146
105
147
105
148
105
149
105
150
105
151
105
152
105
153
105
154
105
155
105
156
105
157
105
158
105
159
105
160
105
161
105
162
105
163
105
164
105
165
105
166
105
167
105
168
105
169
105
170
105
171
105
172
105
173
105
174
105
175
105
176
105
177
105
178
105
179
105
180
105
181
105
182
105
183
105
184
105
185
105
186
105
187
105
188
105
189
105
190
105
191
105
192
105
193
105
194
105
195
105
196
105
197
105
198
105
199
105
200
105
201
105
202
105
203
105
204
105
205
105
206
105
207
105
208
105
209
105
210
105
211
105
212
105
213
105
214
105
215
105
216
105
217
105
218
105
219
105
220
105
221
105
222
105
223
105
224
105
225
105
226
105
227
105
228
105
229
105
230
105
231
105
232
105
233
105
234
105
235
105
236
105
237
105
238
105
239
105
240
105
241
105
242
105
243
105
244
105
245
105
246
105
247
105
248
105
249
105
250
105
251
105
252
105
253
105
254
105
255
105
256
105
257
105
258
105
259
105
260
105
261
105
262
105
263
105
264
105
265
105
266
105
267
105
268
105
269
105
270
105
271
105
272
105
273
105
274
105
275
105
276
105
277
105
278
105
279
105
280
105
281
105
282
105
283
104
284
104
285
104
286
105
287
105
288
105
289
105
290
105
291
105
292
105
293
105
294
105
295
105
296
105
297
105
298
105
299
105
300
105
301
105
301
104
300
103
299
102
298
101
297
100
296
99
295
98
294
97
294
96
293
95
292
94
292
93
291
92
290
91
290
90
289
89
288
88
288
87
288
86
287
85
287
84
286
83
286
82
286
81
286
80
285
79
285
78
285
77
285
76
285
75
285
74
285
73
285
72
285
71
285
70
285
69
285
68
285
67
285
66
286
65
286
64
286
63
286
62
287
61
287
60
287
59
288
58
288
57
289
56
290
55
290
54
291
53
292
52
292
51
293
50
294
49
295
48
296
47
297
47
298
46
299
45
300
44
301
44
302
43
303
43
304
42
305
42
306
42
307
41
308
41
****
234
318
233
319
232
319
231
319
230
319
229
320
228
320
227
320
226
321
225
321
224
321
223
322
222
322
221
323
220
323
219
324
218
324
217
325
216
325
215
326
214
326
213
327
212
327
211
328
210
329
209
329
208
330
207
331
206
331
205
332
204
333
203
333
202
334
201
335
200
335
199
336
198
337
197
338
196
338
195
339
194
340
194
341
194
342
195
343
195
344
195
345
195
346
195
347
195
348
196
349
196
350
196
351
196
352
197
353
197
354
198
355
198
356
198
357
199
358
199
359
200
360
200
361
201
362
201
363
202
364
203
365
203
366
204
367
205
368
206
369
206
370
207
371
208
371
209
372
210
373
211
373
212
374
213
375
214
375
215
376
216
377
217
377
218
378
219
378
220
378
221
378
222
378
223
379
224
379
225
379
226
379
227
379
228
379
229
379
230
379
231
379
232
379
233
379
234
378
235
378
236
378
237
378
238
378
239
377
240
377
241
377
242
376
243
376
244
376
245
375
246
375
247
374
248
374
249
373
250
372
251
372
252
371
253
370
254
369
255
368
256
367
257
366
258
365
259
364
260
363
261
362
261
361
262
360
262
359
263
358
263
357
264
356
264
355
264
354
265
353
265
352
265
351
265
350
266
349
266
348
266
347
266
346
266
345
266
344
266
343
266
342
266
341
266
340
266
339
266
338
265
337
265
336
265
335
265
334
265
333
264
332
264
331
263
330
263
329
263
328
262
327
261
326
261
325
260
324
259
323
259
322
258
321
257
320
256
320
255
319
254
319
253
319
252
318
251
318
250
318
249
318
248
318
247
318
246
318
245
318
244
318
243
318
242
318
241
318
240
318
239
318
238
318
237
318
236
318
235
318
****
249
273
248
274
247
274
246
274
245
274
244
274
243
275
242
275
241
275
240
275
239
276
238
276
237
276
236
277
235
277
234
277
233
278
232
278
231
279
230
279
229
280
228
280
227
281
226
281
225
282
224
283
223
283
222
284
221
285
220
285
219
286
218
287
217
288
216
288
215
289
214
290
213
291
212
292
211
293
210
294
209
295
208
296
208
297
207
298
206
299
206
300
205
301
204
302
203
303
203
304
202
305
202
306
201
307
201
308
200
309
200
310
199
311
199
312
198
313
198
314
198
315
197
316
197
317
196
318
196
319
196
320
196
321
197
321
198
320
199
320
200
319
201
318
202
318
203
317
204
317
205
316
206
316
207
315
208
315
209
314
210
314
211
313
212
313
213
313
214
312
215
312
216
312
217
311
218
311
219
311
220
311
221
310
222
310
223
310
224
310
225
310
226
310
227
309
228
309
229
309
230
309
231
309
232
309
233
309
234
309
235
309
236
309
237
309
238
310
239
310
240
310
241
310
242
310
243
311
244
311
245
311
246
311
247
312
248
312
249
313
250
313
251
313
252
314
253
314
254
315
255
315
256
316
257
317
258
317
259
318
260
318
261
319
262
320
263
320
264
321
265
322
266
323
267
323
268
324
269
325
270
326
271
327
272
328
272
329
273
330
274
331
274
332
275
333
275
334
276
335
276
336
277
337
277
338
278
339
278
340
278
341
278
342
279
343
279
344
279
345
279
346
279
347
279
348
279
349
279
350
279
351
279
352
279
353
279
354
279
355
279
356
279
357
279
358
278
359
278
360
278
361
277
362
277
363
277
364
276
365
276
366
275
367
275
368
274
369
273
370
273
371
272
372
271
373
270
374
269
375
268
376
267
377
266
378
265
379
264
379
263
380
262
381
261
381
260
382
259
383
258
383
257
384
256
384
255
384
254
385
253
385
252
385
251
386
250
386
249
386
248
386
247
387
246
387
245
387
244
387
243
387
242
387
241
387
240
387
239
387
238
387
237
387
236
387
235
387
234
387
233
387
232
386
231
386
230
386
229
386
228
386
227
385
226
385
225
385
224
384
223
384
222
383
221
383
220
383
219
382
218
382
217
381
216
381
215
380
214
380
213
379
212
378
211
378
210
377
209
377
208
376
207
375
206
375
205
374
204
373
203
372
202
372
201
371
200
370
199
369
198
369
197
368
197
367
196
367
195
366
195
365
194
364
193
363
192
362
191
361
191
360
190
359
189
358
189
357
188
356
187
355
187
354
186
353
186
352
185
351
185
350
185
349
184
348
183
348
182
349
181
350
180
350
179
351
178
352
177
352
176
353
175
354
174
354
173
355
172
356
171
356
170
357
169
358
168
358
167
359
166
360
165
360
164
361
163
361
162
362
161
362
160
363
159
364
158
364
157
365
156
365
155
366
154
366
153
367
152
367
151
368
150
368
149
369
148
369
147
370
146
370
145
370
144
371
143
371
142
372
141
372
140
373
139
373
138
373
137
374
136
374
137
375
138
376
139
377
140
378
141
379
142
380
143
381
144
381
145
382
146
383
147
384
148
385
149
386
150
387
151
387
152
388
153
389
154
389
155
390
156
390
157
391
158
392
159
392
160
393
161
393
162
394
163
394
164
395
165
395
166
396
167
396
168
396
169
397
170
397
171
398
172
398
173
398
174
399
175
399
176
399
177
400
178
400
179
400
180
400
181
401
182
401
183
401
184
401
185
402
186
402
187
402
188
402
189
403
190
403
191
403
192
403
193
403
194
403
195
404
196
404
197
404
198
404
199
404
200
404
201
404
202
405
203
405
204
405
205
405
206
405
207
405
208
405
209
405
210
405
211
405
212
405
213
405
214
405
215
405
216
405
217
405
218
405
219
405
220
405
221
405
222
405
223
405
224
405
225
405
226
404
227
404
228
404
229
404
230
404
231
404
232
404
233
403
234
403
235
403
236
403
237
403
238
403
239
402
240
402
241
402
242
402
243
401
244
401
245
401
246
401
247
400
248
400
249
400
250
399
251
399
252
398
253
398
254
398
255
397
256
397
257
396
258
396
259
396
260
395
261
395
262
394
263
394
264
393
265
393
266
392
267
392
268
391
269
390
270
390
271
389
272
389
273
388
274
387
275
387
276
386
277
385
278
384
279
383
280
382
281
382
282
381
283
380
284
379
285
378
286
377
287
376
288
375
289
374
289
373
290
372
291
371
292
370
292
369
293
368
294
367
294
366
295
365
296
364
296
363
297
362
297
361
298
360
298
359
299
358
299
357
300
356
301
355
301
354
301
353
302
352
302
351
302
350
303
349
303
348
304
347
304
346
304
345
304
344
305
343
305
342
305
341
305
340
306
339
306
338
306
337
306
336
306
335
306
334
306
333
306
332
306
331
306
330
306
329
306
328
306
327
306
326
306
325
306
324
306
323
306
322
306
321
306
320
306
319
305
318
305
317
305
316
305
315
305
314
304
313
304
312
304
311
303
310
303
309
303
308
302
307
302
306
301
305
301
304
301
303
300
302
299
301
299
300
298
299
298
298
297
297
297
296
296
295
295
294
295
293
294
292
293
291
292
290
292
289
291
288
290
287
289
286
288
285
287
284
286
283
285
282
284
281
283
281
282
280
281
279
280
279
279
278
278
277
277
277
276
277
275
276
274
276
273
276
272
275
271
275
270
275
269
275
268
274
267
274
266
274
265
274
264
274
263
273
262
273
261
273
260
273
259
273
258
273
257
273
256
273
255
273
254
273
253
273
252
273
251
273
250
273
****
147
122
146
123
145
124
144
124
143
125
143
126
142
127
141
128
140
129
140
130
139
131
138
132
138
133
138
134
137
135
137
136
136
137
136
138
136
139
135
140
135
141
135
142
135
143
134
144
134
145
134
146
134
147
133
148
133
149
133
150
133
151
133
152
133
153
133
154
133
155
133
156
133
157
133
158
133
159
133
160
133
161
133
162
133
163
133
164
133
165
133
166
133
167
134
168
134
169
134
170
135
171
135
172
136
173
137
173
138
173
139
173
140
173
141
172
142
172
143
172
144
171
145
171
146
170
147
169
148
168
148
167
149
166
150
165
150
164
150
163
151
162
151
161
152
160
152
159
152
158
153
157
153
156
153
155
153
154
153
153
153
152
153
151
154
150
154
149
154
148
154
147
154
146
154
145
154
144
154
143
154
142
154
141
153
140
153
139
153
138
153
137
153
136
153
135
153
134
152
133
152
132
152
131
151
130
151
129
151
128
151
127
150
126
150
125
149
124
149
123
149
122
148
122
****
247
117
247
118
246
119
245
119
244
120
243
120
242
121
241
122
240
122
239
123
238
124
237
124
236
125
235
126
234
127
233
128
232
129
232
130
231
131
230
132
229
133
228
134
227
135
227
136
226
137
225
138
225
139
224
140
223
141
222
142
222
143
221
144
221
145
220
146
220
147
219
148
219
149
218
150
218
151
218
152
217
153
217
154
216
155
216
156
216
157
215
158
215
159
215
160
215
161
215
162
214
163
214
164
214
165
214
166
214
167
214
168
214
169
215
170
216
170
217
170
218
170
219
170
220
170
221
170
222
170
223
170
224
170
225
170
226
170
227
170
228
170
229
169
230
169
231
169
232
168
233
168
234
168
235
167
236
167
237
166
238
166
239
165
240
165
241
164
242
163
243
162
244
162
245
161
246
160
247
159
248
159
249
158
250
157
251
156
252
155
253
154
254
153
254
152
255
151
256
150
257
149
258
148
258
147
259
146
260
145
261
144
262
143
262
142
263
141
263
140
263
139
263
138
263
137
263
136
263
135
263
134
263
133
263
132
263
131
263
130
263
129
263
128
263
127
263
126
263
125
263
124
263
123
263
122
263
121
263
120
263
119
263
118
263
117
262
117
261
117
260
117
259
117
258
117
257
117
256
117
255
117
254
117
253
117
252
117
251
117
250
117
249
117
248
117
****
320
52
319
53
318
53
317
53
316
53
315
54
314
54
313
54
312
55
311
55
310
56
309
56
308
57
307
58
306
59
305
59
304
60
303
61
302
62
302
63
301
64
300
65
300
66
299
67
298
68
298
69
297
70
297
71
297
72
296
73
296
74
296
75
295
76
295
77
295
78
295
79
295
80
295
81
295
82
295
83
295
84
295
85
295
86
295
87
295
88
295
89
295
90
295
91
296
92
296
93
296
94
297
95
297
96
298
97
299
97
300
98
301
98
302
99
303
100
304
100
305
101
306
101
307
101
308
102
309
102
310
102
311
102
312
103
313
103
314
103
315
103
316
103
317
103
318
103
319
103
320
103
321
103
322
103
323
103
324
103
325
104
326
104
327
104
328
104
329
104
330
104
331
104
332
104
333
104
334
104
335
104
336
104
337
104
338
104
339
104
340
105
341
105
342
105
343
105
344
105
345
105
346
105
347
105
348
105
349
105
350
105
351
105
352
105
353
105
354
105
355
105
356
105
357
105
358
105
359
105
360
104
361
104
362
105
363
105
364
105
365
105
366
105
365
104
365
103
364
102
363
101
363
100
362
99
361
98
361
97
360
96
360
95
360
94
360
93
359
92
359
91
359
90
359
89
359
88
360
87
360
86
360
85
360
84
361
83
362
82
362
81
363
80
364
79
365
78
366
78
367
77
368
76
369
76
370
76
371
75
372
75
373
75
374
74
375
74
376
74
377
74
378
74
379
74
380
74
381
73
382
73
383
73
384
73
385
73
386
72
387
72
388
72
389
71
390
71
391
70
392
70
393
69
394
69
395
68
396
67
397
66
397
65
398
64
398
63
399
62
399
61
399
60
399
59
400
58
400
57
399
56
398
55
397
55
396
55
395
55
394
55
393
55
392
56
391
56
390
56
389
57
388
58
387
59
386
60
385
61
384
62
383
63
382
64
382
65
381
66
380
67
380
68
379
69
378
70
377
71
376
72
375
73
374
73
373
74
372
74
371
74
370
75
369
75
368
75
367
75
366
75
365
74
364
74
363
74
362
73
361
73
360
72
359
****
